0.0404068 0.03692585 
0.04794791 0.04258129 
0.05728257 0.04817872 
0.04363027 0.03688694 
0.0552325 0.04545323 
0.04767673 0.04500815 
0.04442902 0.03781585 
0.05041587 0.04409512 
0.06838597 0.044946 
0.05354346 0.05180582 
0.04752432 0.04229581 
0.05352029 0.04904783 
0.0441911 0.03810466 
0.04214624 0.03895492 
0.03521685 0.03289785 
0.04714248 0.0355121 
0.05638376 0.03439321 
0.04548269 0.04546061 
0.05058203 0.0465405 
0.0607272 0.05050029 
0.04917804 0.04203308 
0.0573431 0.04498903 
0.04297187 0.04034278 
0.04984659 0.04782169 
0.04499933 0.042085 
0.04570363 0.04176826 
0.05012875 0.0396552 
0.05921694 0.04585664 
0.04887538 0.04733574 
0.04182652 0.04167281 
0.03921107 0.03844026 
0.03957022 0.03573544 
0.03817442 0.03627268 
0.05223897 0.04962954 
0.04705603 0.03916657 
0.04399139 0.04081198 
0.03977581 0.03883839 
0.05626813 0.05262685 
0.04849322 0.04025402 
0.05434789 0.03547101 
0.04183 0.03227949 
0.0393986 0.03600549 
0.05964861 0.04800483 
0.06858659 0.05186325 
0.04503422 0.04418114 
0.03529462 0.03560919 
0.0496006 0.04720004 
0.03806517 0.03516669 
0.05798939 0.05777728 
0.04416669 0.04018943 
0.05184738 0.04947055 
0.04956255 0.04302508 
0.04738576 0.04510912 
0.05053413 0.04715267 
0.0581448 0.05414088 
0.04179627 0.03908697 
0.04764757 0.04554082 
0.06007262 0.03934357 
0.0481616 0.04348737 
0.05407861 0.05320309 
0.04351104 0.04039904 
0.05486083 0.04724081 
0.05573682 0.04572702 
0.04711521 0.04474082 
0.05145761 0.05009862 
0.07008961 0.05847865 
0.04913597 0.04295209 
0.05655774 0.05284388 
0.04143301 0.03894608 
0.05056327 0.03760298 
0.04137675 0.03587783 
0.04033826 0.03141595 
0.05087972 0.04626645 
0.04369791 0.03542547 
0.05639265 0.04446867 
0.04621607 0.03869302 
0.04149613 0.04176184 
0.05615638 0.05641166 
0.05764589 0.0521169 
0.05047214 0.03837938 
0.04465706 0.03750525 
0.04530029 0.04255781 
0.03728349 0.03683385 
0.04684303 0.04176056 
0.06342271 0.0540279 
0.04723627 0.04392006 
0.05078365 0.04618081 
0.04717869 0.04638565 
0.03868979 0.03388687 
0.03787914 0.03574498 
0.03614315 0.02824824 
0.05366574 0.04881534 
0.03679823 0.03311203 
0.05731311 0.0513589 
0.04872188 0.04536464 
0.0479563 0.0470549 
0.05337288 0.04290126 
0.03758613 0.03329014 
0.04277139 0.04027586 
0.05050825 0.04309743 
