0.05394285 0.04064267 
0.06579746 0.04293916 
0.05896828 0.03881015 
0.05102269 0.03818611 
0.06279163 0.04731371 
0.05192956 0.03594269 
0.06090162 0.03946841 
0.06249977 0.04679385 
0.05564251 0.04351609 
0.06064385 0.04567118 
0.06610315 0.0416982 
0.06347229 0.04136589 
0.06216393 0.044427 
0.06484757 0.04956647 
0.05616362 0.03740757 
0.05721897 0.03772513 
0.05839144 0.04035801 
0.06697989 0.04253651 
0.06523462 0.04367286 
0.06116876 0.04183159 
0.05704416 0.04246123 
0.05031433 0.0408383 
0.0610012 0.04301231 
0.05724113 0.04265854 
0.04986361 0.03148106 
0.07381015 0.06067014 
0.06147799 0.04464402 
0.06155167 0.04380575 
0.06059908 0.04378395 
0.06018321 0.04056901 
0.06956752 0.04830171 
0.06256033 0.04102574 
0.05707671 0.03998345 
0.0555497 0.03392723 
0.04636632 0.03147027 
0.06039536 0.03848739 
0.05992995 0.03900759 
0.06553471 0.0524189 
0.05392324 0.03824562 
0.05451063 0.03663772 
0.05346157 0.03774385 
0.04788785 0.03744045 
0.05981584 0.04582201 
0.06990528 0.0577099 
0.05447491 0.04097414 
0.06567251 0.04253646 
0.05100509 0.04003526 
0.0624643 0.04332205 
0.0595374 0.04461002 
0.05430818 0.04072626 
0.05552579 0.04118864 
0.06351227 0.03833641 
0.0576543 0.04417595 
0.05501691 0.034288 
0.05611145 0.03687508 
0.06165377 0.0407731 
0.06366894 0.04902629 
0.05755553 0.03915952 
0.0698875 0.05122249 
0.06816259 0.04769829 
0.04815393 0.04486844 
0.05519227 0.03587228 
0.05508933 0.04371911 
0.06028629 0.04004597 
0.05383526 0.03509928 
0.06214395 0.04602811 
0.05585477 0.04240605 
0.0620691 0.04180898 
0.05985024 0.04673314 
0.06670034 0.04660581 
0.04854863 0.03703437 
0.06217248 0.04440079 
0.05223657 0.03810538 
0.06546997 0.0347723 
0.05886382 0.04375898 
0.05224932 0.03862403 
0.07259743 0.05132491 
0.05101396 0.03487968 
0.07188844 0.05117987 
0.0752018 0.05537555 
0.06948625 0.04665823 
0.05340999 0.03975341 
0.06415056 0.04255103 
0.05195077 0.03658235 
0.05850183 0.03820371 
0.0538453 0.03955941 
0.05933688 0.04136472 
0.05830758 0.04056561 
0.05963593 0.04013999 
0.06157869 0.04045993 
0.05410453 0.04206934 
0.04978847 0.04080548 
0.05690053 0.03803549 
0.04948416 0.03680739 
0.06655002 0.04553974 
0.05923875 0.04100146 
0.07055761 0.04259274 
0.06450373 0.04826396 
0.06375515 0.04393451 
0.06328373 0.04414303 
