0.04091562 0.03914871 0.6911755 0.633465 0.1884335 0.6760255 
0.03853401 0.03643414 0.4853106 0.6841042 0.2494677 0.8700886 
0.03622896 0.03412875 0.7118159 0.6209526 0.2683441 0.795303 
0.03736378 0.03690728 0.5577306 0.6260532 0.2292103 0.8035271 
0.03625999 0.0336541 0.5677647 0.6992633 0.2342759 0.8583504 
0.03854392 0.03341308 0.836709 0.7282179 0.2720128 0.8423795 
0.03941733 0.03635406 0.6828083 0.6710619 0.2214036 0.8404091 
0.04679827 0.04866871 0.7379035 0.7592831 0.2167253 0.8061948 
0.04199349 0.04282314 0.6717845 0.6575236 0.2492551 0.7153587 
0.04748796 0.0386405 0.6599174 0.6100626 0.1792753 0.7731901 
0.04498477 0.04291412 0.5529015 0.7714079 0.2627959 0.9360061 
0.04657969 0.04302182 0.6351969 0.6231759 0.2747205 0.7459374 
0.03633203 0.03391028 0.5414713 0.7253689 0.225951 0.7963447 
0.04671364 0.04486814 0.5057914 0.7232981 0.2436438 0.9149321 
0.03086521 0.02903732 0.503952 0.691011 0.2216593 0.8028212 
0.04052832 0.03796093 0.7193671 0.6745614 0.1951996 0.8775653 
0.04038505 0.04136359 0.694711 0.6369549 0.2072453 0.8864597 
0.0353108 0.03149588 0.6029825 0.6750507 0.1973905 0.9410499 
0.04139082 0.04392165 0.7313408 0.5721285 0.2403401 0.8235178 
0.03656072 0.03516366 0.5430459 0.5822887 0.2064094 0.8348477 
0.0443917 0.04365427 0.6312871 0.588938 0.2244904 0.8216901 
0.04280369 0.03584348 0.70075 0.753232 0.2278442 0.8163029 
0.04224892 0.04101421 0.6941968 0.7777684 0.162267 0.9263839 
0.03437997 0.03418019 0.5181671 0.6278533 0.1914368 0.8465059 
0.03425152 0.03384374 0.4871656 0.6586883 0.2207745 0.846228 
0.04837764 0.0472397 0.6016316 0.7411505 0.2566439 0.8559019 
0.03825365 0.03556837 0.6794855 0.8465867 0.1794658 0.8180365 
0.04059194 0.03903255 0.6286321 0.6109432 0.2030366 0.8593285 
0.04638985 0.04270983 0.5377946 0.6400821 0.1643938 0.7995082 
0.03456631 0.03309727 0.5956002 0.7568627 0.2030843 0.8443136 
0.03546814 0.03196661 0.6100682 0.6337143 0.1768373 0.762183 
0.04185703 0.04244864 0.8235943 0.6233127 0.2418505 0.77997 
0.038173 0.03788794 0.6280839 0.6277352 0.2210322 0.7955965 
0.04026402 0.03667922 0.6093297 0.7127069 0.2056972 0.8801448 
0.04148884 0.03895634 0.5684872 0.6803048 0.2034876 0.7940848 
0.04659218 0.04475244 0.543298 0.7597142 0.2108477 0.8755556 
0.04807387 0.04510759 0.5881601 0.6536047 0.2233515 0.8665244 
0.04515262 0.04667719 0.6766698 0.6172461 0.2041559 0.7872464 
0.0414035 0.04108499 0.4902888 0.6390618 0.2187957 0.8135664 
0.03925678 0.04131085 0.8339118 0.7763631 0.2543632 0.8750227 
0.03328778 0.03242083 0.4659867 0.6521651 0.2128785 0.7691707 
0.04148366 0.04027336 0.5981333 0.7622046 0.2246674 0.8325148 
0.0374593 0.03589305 0.5345945 0.5949731 0.2168618 0.7946697 
0.03552845 0.03411825 0.4634268 0.6215501 0.2166074 0.7740904 
0.04293785 0.04177326 0.5422321 0.6241207 0.2031547 0.9451134 
0.0496175 0.04655718 0.7027061 0.7999486 0.210981 0.9365154 
0.03896669 0.03510946 0.7131462 0.6547374 0.2180836 0.7825763 
0.04269204 0.04349874 0.6959936 0.6455154 0.2908177 0.7511546 
0.03888006 0.04090017 0.8993715 0.6988106 0.2388438 0.8074559 
0.04096028 0.04184091 0.8388341 0.8918256 0.2628645 0.7694817 
0.03467733 0.03371102 0.5222565 0.6474543 0.262885 0.8506683 
0.03754875 0.03797724 0.652495 0.5635349 0.251462 0.8311475 
0.0462593 0.04384342 0.533709 0.6222323 0.2543616 0.7861149 
0.04608258 0.04358007 0.5151377 0.6026553 0.2150856 0.7783397 
0.03900083 0.03813499 0.6549336 0.7003307 0.1970256 0.9046582 
0.03466814 0.03387101 0.5042332 0.6778703 0.2049271 0.9309851 
0.04816989 0.04422355 0.749779 0.6746603 0.263629 0.7525472 
0.0430756 0.04090721 0.5057366 0.6765501 0.2254522 0.9350601 
0.04899835 0.04674753 0.6534495 0.5548008 0.2210257 0.8364063 
0.03249848 0.03038529 0.6067159 0.6876502 0.2306543 0.71674 
0.04356295 0.04046169 0.6895686 0.5201606 0.1991901 0.844398 
0.032387 0.03243538 0.8883304 0.7755011 0.2637387 0.9854434 
0.0449646 0.03914232 0.8175811 0.6584585 0.2545294 0.8277017 
0.04901241 0.04701496 0.6310939 0.6314681 0.2354797 0.7918474 
0.03890212 0.04371371 0.7296954 0.631805 0.228113 0.7602713 
0.04973798 0.04429798 0.7424662 0.7804203 0.1711139 0.7930482 
0.04673183 0.04564077 0.7354839 0.8053429 0.2576756 0.8480471 
0.05107964 0.05089138 0.6938287 0.6010154 0.2551892 0.7629079 
0.04742909 0.04761555 0.6313477 0.6830398 0.1706005 0.8286474 
0.03719542 0.03427685 0.6053275 0.6335454 0.1984034 0.8067699 
0.04411307 0.04235351 0.730629 0.6948521 0.1932603 0.9022448 
0.04160431 0.04044573 0.5710302 0.6372201 0.157718 0.7609204 
0.04181559 0.04000259 0.6089996 0.716276 0.2074688 0.9277414 
0.04710706 0.04506061 0.7234636 0.6508462 0.2529884 0.7659225 
0.03442588 0.03236334 0.4688145 0.5503555 0.2267559 0.781173 
0.03589178 0.03274337 0.5074924 0.6237028 0.2195931 0.8038853 
0.04219368 0.0368657 0.7540755 0.7146131 0.1969485 0.7928427 
0.0373993 0.03611381 0.6619342 0.7332024 0.2354523 0.964727 
0.03958563 0.03761863 0.5699653 0.6623824 0.2259381 0.8459581 
0.03881733 0.03853319 0.7067687 0.6017027 0.2631248 0.7653807 
0.03867202 0.0376937 0.4890311 0.684865 0.2300476 0.8976124 
0.04918551 0.04800917 0.4736705 0.6633377 0.2306494 0.8765008 
0.04094009 0.03973172 0.620395 0.6249502 0.2303178 0.8790405 
0.03334561 0.0328091 0.5103632 0.613031 0.224446 0.8789606 
0.04920414 0.04473013 0.6737394 0.6573608 0.1863487 0.8318814 
0.03504798 0.03168519 0.6672242 0.7629733 0.2035803 0.7922852 
0.04247655 0.04201273 0.6288336 0.5367726 0.2441286 0.7691078 
0.04416954 0.04367639 0.6182976 0.5943094 0.2271767 0.8708576 
0.04339855 0.04062678 0.6391717 0.6176949 0.2024091 0.7507965 
0.04521574 0.0428989 0.4576045 0.6884007 0.2371652 0.8401442 
0.04080063 0.03711144 0.6422227 0.6279623 0.243968 0.8229316 
0.0405075 0.03853462 0.6899882 0.7165384 0.2385675 0.892108 
0.04426897 0.04168761 0.6718357 0.6114288 0.222746 0.8110086 
0.03933998 0.03811251 0.4976386 0.7606154 0.1800587 0.7306357 
0.04871645 0.04537302 0.7268634 0.643678 0.2515087 0.866186 
0.04756881 0.0390105 0.8373501 0.6168959 0.2852823 0.8261412 
0.05221459 0.04790455 0.7308683 0.6841783 0.2428565 0.8963011 
0.03358045 0.03223815 0.5094253 0.662798 0.1885268 0.7705029 
0.06192927 0.03699308 0.8057516 0.6119947 0.2382937 0.8077695 
0.0410771 0.03882887 0.4908823 0.7765495 0.1783683 0.8709744 
0.04371589 0.04271953 0.5708711 0.6048696 0.2189617 0.8042988 
0.04529004 0.04462735 0.5148096 0.6816236 0.2412233 0.7999325 
0.03333172 0.0306676 0.4835092 0.7813247 0.2269867 0.8673513 
0.04685047 0.04453591 0.7692407 0.7226058 0.2287762 0.8095969 
0.05118168 0.03882122 0.844087 0.6265914 0.2707386 0.8741039 
0.04080879 0.03889622 0.503862 0.6452415 0.2348872 0.8531691 
0.03653416 0.03526624 0.6241247 0.5629933 0.2239614 0.8398621 
0.040193 0.03873325 0.5529714 0.5401805 0.1928711 0.79766 
0.05184202 0.05007631 0.6610802 0.7196187 0.25193 0.9677138 
0.03291105 0.03274162 0.6509191 0.6010248 0.1690806 0.803489 
0.04210186 0.0408729 0.5671378 0.6552701 0.2203287 0.7857179 
0.03787346 0.0378459 0.5902209 0.6745382 0.2160243 0.7762001 
0.04590465 0.04419859 0.6122311 0.7357146 0.1977682 0.8024542 
0.04303155 0.04178337 0.7938452 0.679576 0.257878 0.7941391 
0.03724168 0.03524175 0.7724352 0.7233735 0.2312604 0.8606169 
0.03715634 0.03548748 0.5742162 0.6060398 0.2240472 0.7404634 
0.038948 0.03647825 0.4800911 0.5640777 0.2284286 0.7520247 
0.04479436 0.04397409 0.5825724 0.5361638 0.1948493 0.7849237 
0.04643071 0.04580059 0.6254726 0.6632905 0.2035223 0.8890923 
0.04300554 0.04226336 0.4646459 0.5585773 0.2247715 0.7516856 
0.04224379 0.03903306 0.6128098 0.6421648 0.1979278 0.8108315 
0.04681153 0.0449625 0.5907193 0.5286644 0.1806489 0.7677647 
0.04050944 0.03865581 0.5191555 0.5838792 0.1948056 0.7735539 
0.04305384 0.04114011 0.6466119 0.696385 0.1582546 0.9237527 
0.0377612 0.03432834 0.7095422 0.6150757 0.2651251 0.7310738 
0.04573615 0.04506993 0.6263345 0.6309941 0.1943534 0.7168214 
0.05307382 0.04906795 0.6671395 0.6654153 0.24807 0.7810202 
0.04192774 0.03951276 0.5537178 0.6156438 0.2163258 0.7795366 
0.0352123 0.03216405 0.8107653 0.6639743 0.3219851 0.795209 
0.04102072 0.03936645 0.6376898 0.6125296 0.2380877 0.8536218 
0.04505392 0.04386317 0.5169407 0.723998 0.2019007 0.8132647 
0.04022981 0.03558426 0.8649945 0.7322385 0.2624252 0.9014166 
0.04149489 0.03947821 0.6539021 0.7752161 0.201095 0.8046312 
0.05125448 0.04159481 0.7024841 0.572442 0.2164966 0.8175566 
0.0373806 0.03456533 0.5889406 0.6941437 0.1904058 0.8533947 
0.03969741 0.03795271 0.4912222 0.572704 0.1892394 0.708486 
0.03661597 0.03331501 0.5793621 0.6365558 0.2582135 0.8290364 
0.0392012 0.0374182 0.6405284 0.7637671 0.2320591 0.7853962 
0.04914524 0.04570964 0.6616662 0.7001643 0.2208265 0.7959216 
0.04267565 0.04108677 0.7414908 0.674191 0.2481581 0.8609575 
0.04729993 0.03911837 0.5836122 0.5232243 0.1969177 0.7741565 
0.04400747 0.04080433 0.6051447 0.6057327 0.2522499 0.712311 
0.05697132 0.04684964 0.8733613 0.6490651 0.2137476 0.8471932 
0.04126075 0.03905203 0.7852946 0.6162275 0.2682043 0.8594012 
0.05315003 0.05075055 0.834099 0.7423687 0.2490286 0.8456189 
0.05857787 0.04542484 0.8503136 0.6454253 0.262023 0.6929922 
0.03570508 0.03445594 0.480714 0.5344854 0.1952844 0.8066121 
0.03955738 0.03602828 0.5774084 0.656796 0.2465518 0.8106584 
0.0328463 0.03297243 0.8525728 0.6490225 0.2219334 0.771629 
0.04032608 0.03889305 0.4948383 0.4873388 0.2161784 0.7138771 
0.04600076 0.04438426 0.5733086 0.6366627 0.1765593 0.8367912 
0.04484737 0.03906438 0.7024358 0.6401565 0.1985413 0.7789461 
0.04639502 0.04616553 0.5534882 0.6315627 0.1976163 0.830614 
0.04141011 0.0397071 0.6232556 0.5979585 0.2249015 0.7813608 
0.03667672 0.03518356 0.4492589 0.608831 0.2342618 0.8132502 
0.04451359 0.04213042 0.7278071 0.6853658 0.2312171 0.9108479 
0.04778964 0.04589393 0.7568911 0.6497999 0.2173421 0.7880184 
0.03694425 0.03599271 0.681129 0.5963668 0.2413257 0.6863559 
0.03953953 0.03877519 0.7183183 0.680299 0.2349697 0.7960116 
0.04380249 0.0430118 0.4858416 0.6358499 0.1735524 0.7409367 
0.04158342 0.03998957 0.6704119 0.608324 0.237752 0.8035034 
0.04449396 0.0431133 0.5918605 0.8365162 0.2101534 0.8732445 
0.04235213 0.03830141 0.72839 0.5678199 0.2496536 0.7893089 
0.05769631 0.05643948 0.7307867 0.6104874 0.2392659 0.7457071 
0.04895361 0.04177811 0.7877053 0.6770766 0.2383956 0.8345986 
0.03609628 0.03505896 0.8319188 0.6794841 0.2336178 0.8535562 
0.05194799 0.0493501 0.5704697 0.6915608 0.2071306 0.7887087 
0.03683372 0.03556318 0.796516 0.7921269 0.2450893 0.805292 
0.04045261 0.0391711 0.5563989 0.5591772 0.1928074 0.7651142 
0.03939411 0.0365417 0.6222434 0.6446991 0.2017436 0.8027603 
0.04403377 0.03976248 0.6558103 0.5340615 0.2546515 0.7972036 
0.04617442 0.04442167 0.5140239 0.6657573 0.2404459 0.802321 
0.03827356 0.037195 0.5468189 0.6232024 0.1902772 0.8388768 
0.04161974 0.03696468 0.6587862 0.6562662 0.2354115 0.855022 
0.03525584 0.03331605 0.6971919 0.6859026 0.2057407 0.9323383 
0.04845997 0.04654337 0.5535893 0.7051851 0.1919612 0.8642174 
0.03755099 0.03541014 0.4530969 0.5993354 0.2511118 0.8121979 
0.03322148 0.03240993 0.4776083 0.6714394 0.2272277 0.8053601 
0.05510846 0.0512651 0.6280014 0.5963172 0.1970472 0.7497218 
0.04765279 0.04534468 0.5896172 0.7321077 0.2224364 0.9254385 
0.0406315 0.03916457 0.5437035 0.6888401 0.2019187 0.7963228 
0.04340267 0.04221075 0.4957968 0.5815377 0.2433176 0.856142 
0.04854358 0.04670686 0.4940319 0.7355866 0.2105231 0.8786812 
0.05249019 0.03720795 0.8035667 0.6236754 0.2318463 0.8012651 
0.06133895 0.058871 0.8305553 0.7250773 0.2799165 0.8894995 
0.03818506 0.03844046 0.7305418 0.5856667 0.2078859 0.8170109 
0.04417003 0.04184025 0.5140581 0.5994102 0.2062081 0.8292741 
0.03706736 0.03626394 0.6588264 0.7209231 0.2404401 0.9023087 
0.04859478 0.0438641 0.7654699 0.6438809 0.2575201 0.866976 
0.04595203 0.04337625 0.6269189 0.6540506 0.2456574 0.8154054 
0.03804808 0.03511744 0.5916296 0.6036471 0.175784 0.7204926 
0.04354597 0.04134703 0.4933918 0.60096 0.2103798 0.8563734 
0.03932187 0.03729202 0.6275426 0.6244373 0.1863184 0.7544955 
0.04007398 0.03854609 0.795364 0.6679261 0.257422 0.7992159 
0.04086424 0.04288483 0.801953 0.7197143 0.1912691 0.7705062 
0.04081999 0.03812268 0.5085708 0.635784 0.2263857 0.800058 
0.04357281 0.04033665 0.5756217 0.5999594 0.2356293 0.8128365 
0.04869187 0.04644029 0.5733857 0.6266088 0.2242013 0.8356525 
0.03494557 0.03278061 0.52499 0.57009 0.210379 0.7522019 
0.04534463 0.04298927 0.7413132 0.7354536 0.2441883 0.9205426 
