0.0436973 0.0423346 
0.0403576 0.03882832 
0.03525031 0.03488499 
0.03424112 0.03366024 
0.03779207 0.03832383 
0.04355363 0.03932475 
0.05365529 0.05279774 
0.03199556 0.03120666 
0.03463641 0.03189582 
0.03804536 0.03599017 
0.04522215 0.0437556 
0.04376851 0.04292982 
0.04124367 0.0402033 
0.04355658 0.04131012 
0.03747571 0.03888521 
0.04730437 0.04597978 
0.03712584 0.03313893 
0.03339603 0.03356139 
0.0419797 0.0407759 
0.04154087 0.03943026 
0.03719357 0.03611639 
0.03315641 0.03244114 
0.03946713 0.03813599 
0.03770928 0.03751565 
0.04124524 0.04004779 
0.03582864 0.0349251 
0.04777491 0.04727377 
0.04053884 0.03890313 
0.03871649 0.03579767 
0.04211308 0.04118548 
0.04582724 0.03433916 
0.03572086 0.0343442 
0.0346266 0.03392959 
0.03669583 0.03537538 
0.04150856 0.04011232 
0.04463489 0.04416917 
0.0443717 0.04301547 
0.04202316 0.04134713 
0.04849658 0.0478919 
0.03504986 0.03324798 
0.03457353 0.03329039 
0.03911268 0.03859155 
0.05115776 0.05018288 
0.03920975 0.03686454 
0.04572011 0.04527791 
0.04257359 0.04204768 
0.03606788 0.03559596 
0.03088508 0.03008851 
0.03794098 0.03649528 
0.04204534 0.04136563 
0.04323024 0.04273224 
0.03884201 0.03618733 
0.04249214 0.04184046 
0.04446018 0.04089921 
0.04499444 0.04394441 
0.04135441 0.04008471 
0.04383764 0.04042815 
0.03303154 0.03188443 
0.03661288 0.03600857 
0.05473955 0.05112762 
0.03367298 0.03136586 
0.04172835 0.04200664 
0.0412763 0.04068893 
0.0421568 0.04042082 
0.03803671 0.03906371 
0.04315619 0.04174796 
0.03752142 0.0365359 
0.04198169 0.04171831 
0.04149115 0.04111767 
0.03859616 0.03713324 
0.04219947 0.03999196 
0.04654865 0.04519471 
0.04227742 0.04031862 
0.04000559 0.03876176 
0.03869357 0.03715492 
0.03905438 0.03949129 
0.04294584 0.04241349 
0.04644918 0.04480985 
0.03745668 0.03565328 
0.04152143 0.04064897 
0.04211092 0.04049393 
0.04021632 0.04005498 
0.03412397 0.03361722 
0.04305061 0.04105704 
0.04441705 0.04288804 
0.0428804 0.04232432 
0.02881152 0.02810594 
0.03585092 0.03533219 
0.04150998 0.04154957 
0.05050051 0.04878534 
0.03390244 0.03232359 
0.03696094 0.03613513 
0.0401839 0.03928712 
0.04925226 0.04759917 
0.04383567 0.04152603 
0.04421045 0.04276927 
0.04711143 0.04660532 
0.04391718 0.04259184 
0.03715567 0.03453365 
0.03939213 0.03769644 
