0.01562925 0.01562925 
0.0171049 0.0171049 
0.01583658 0.01583658 
0.01600634 0.01600634 
0.02052389 0.02052389 
0.01543736 0.01543736 
0.02509482 0.02509482 
0.01567561 0.01567561 
0.01750839 0.01750839 
0.01672693 0.01672693 
0.01552703 0.01552703 
0.01901617 0.01901617 
0.01738231 0.01738231 
0.01636529 0.01636529 
0.01422246 0.01422246 
0.01508505 0.01508505 
0.0173903 0.0173903 
0.01508908 0.01508908 
0.01749806 0.01749806 
0.01345667 0.01345667 
0.01630636 0.01630636 
0.01526173 0.01526173 
0.0194287 0.0194287 
0.0162499 0.0162499 
0.01525934 0.01525934 
0.01936583 0.01936583 
0.01516742 0.01516742 
0.01429076 0.01429076 
0.02125215 0.02125215 
0.01777 0.01777 
0.01582867 0.01582867 
0.0156635 0.0156635 
0.01722361 0.01722361 
0.01932179 0.01932179 
0.01720949 0.01720949 
0.01613993 0.01613993 
0.01789636 0.01789636 
0.01867284 0.01867284 
0.02150221 0.02150221 
0.01970102 0.01970102 
0.01455815 0.01455815 
0.02129648 0.02129648 
0.01407721 0.01407721 
0.01728661 0.01728661 
0.01720958 0.01720958 
0.01620945 0.01620945 
0.02047038 0.02047038 
0.02455881 0.02455881 
0.01670751 0.01670751 
0.01465192 0.01465192 
0.01736776 0.01736776 
0.01820574 0.01820574 
0.01709789 0.01709789 
0.01920905 0.01920905 
0.01768912 0.01768912 
0.01777414 0.01777414 
0.01575811 0.01575811 
0.0195188 0.0195188 
0.01947366 0.01947366 
0.01685993 0.01685993 
0.0193971 0.0193971 
0.01514582 0.01514582 
0.01752429 0.01752429 
0.01803997 0.01803997 
0.01747809 0.01747809 
0.01593099 0.01593099 
0.01575028 0.01575028 
0.01796851 0.01796851 
0.01701786 0.01701786 
0.01504252 0.01504252 
0.01807232 0.01807232 
0.01895801 0.01895801 
0.02543323 0.02543323 
0.0160258 0.0160258 
0.01634321 0.01634321 
0.02121954 0.02121954 
0.01750162 0.01750162 
0.01429654 0.01429654 
0.02312431 0.02312431 
0.02026767 0.02026767 
0.02045687 0.02045687 
0.02107786 0.02107786 
0.02507265 0.02507265 
0.01538737 0.01538737 
0.01472883 0.01472883 
0.01619492 0.01619492 
0.01849168 0.01849168 
0.01684405 0.01684405 
0.01868631 0.01868631 
0.01761017 0.01761017 
0.01689237 0.01689237 
0.01781626 0.01781626 
0.01729396 0.01729396 
0.0190284 0.0190284 
0.01491878 0.01491878 
0.01576236 0.01576236 
0.0163809 0.0163809 
0.01491728 0.01491728 
0.0162928 0.0162928 
0.01973908 0.01973908 
