0.1559379 0.1511933 
0.1547449 0.1519302 
0.1587618 0.1547322 
0.1596502 0.1570826 
0.1536017 0.1530197 
0.1539527 0.1535917 
0.1520837 0.152732 
0.1495226 0.153342 
0.1519373 0.1530862 
0.1513628 0.1517318 
0.1472096 0.1513828 
0.1487923 0.1532953 
0.1506855 0.1507623 
0.1532795 0.1539235 
0.1534001 0.1537754 
0.154573 0.1535866 
0.1542215 0.1535229 
0.1508025 0.1521971 
0.1609694 0.1532716 
0.1544749 0.1570823 
0.159507 0.1556923 
0.1493399 0.1560557 
0.1465725 0.1516538 
0.1566323 0.156813 
0.1531034 0.1543683 
0.1520978 0.1528273 
0.1624758 0.1584391 
0.1534592 0.1522787 
0.1533404 0.1546619 
0.1574299 0.1523704 
0.1526351 0.1542392 
0.1531904 0.1519327 
0.1519614 0.151285 
0.1527297 0.1520482 
0.1487043 0.1531394 
0.1537445 0.1533219 
0.1573639 0.1538454 
0.1520534 0.1520203 
0.1482172 0.1517902 
0.1544982 0.1540213 
0.1543392 0.1533382 
0.1555792 0.1540545 
0.1539082 0.1530377 
0.1585262 0.1557031 
0.1552372 0.1545558 
0.1581692 0.152559 
0.1548085 0.1544291 
0.1536286 0.1539417 
0.1523174 0.1506583 
0.1554313 0.1555716 
0.1516085 0.1533442 
0.1594951 0.1545262 
0.151049 0.1508376 
0.153225 0.1533751 
0.153003 0.1525617 
0.1542701 0.153749 
0.1503874 0.1513946 
0.1628801 0.1587603 
0.1531552 0.1499449 
0.1609046 0.1537794 
0.1461139 0.15047 
0.1533716 0.152603 
0.1549011 0.1539036 
0.1538206 0.1535461 
0.158291 0.1574954 
0.1582479 0.1565809 
0.151402 0.1515726 
0.1507195 0.1500439 
0.1613062 0.1536008 
0.1528728 0.1527005 
0.1519333 0.152882 
0.1544918 0.1526941 
0.1504233 0.1555012 
0.1517576 0.1535071 
0.1473835 0.1478135 
0.1515651 0.1517668 
0.161333 0.1548265 
0.1508749 0.149419 
0.1597388 0.1554877 
0.1575606 0.1524837 
0.1566573 0.1550866 
0.1542074 0.1538313 
0.1515837 0.1512459 
0.1621618 0.1610789 
0.1513595 0.1518851 
0.1559938 0.1557679 
0.1516962 0.1524387 
0.1542275 0.1524752 
0.153184 0.1532104 
0.1545259 0.1537121 
0.1571589 0.1527309 
0.1515565 0.1514865 
0.1545347 0.1553176 
0.1544498 0.1517896 
0.1595863 0.1555867 
0.1542621 0.1530562 
0.1643463 0.1540347 
0.1505238 0.1498454 
0.1566813 0.1516553 
0.1538073 0.1535706 
