0.7536364 0.7536364 
0.9921411 0.9921411 
0.8789315 0.8789315 
1 1 
0.9022465 0.9022465 
0.8469726 0.8469726 
1 1 
1 1 
0.4407987 0.4407987 
0.6734317 0.6734317 
0.8699637 0.8699637 
0.9087319 0.9087319 
0.8876854 0.8876854 
1 1 
0.3385366 0.3385366 
0.8041614 0.8041614 
0.8255427 0.8255427 
0.8568761 0.8568761 
0.465571 0.465571 
0.7615947 0.7615947 
0.6399908 0.6399908 
0.7829715 0.7829715 
0.8621565 0.8621565 
0.7722545 0.7722545 
1 1 
0.3756269 0.3756269 
0.8029815 0.8029815 
1 1 
0.8318978 0.8318978 
1 1 
0.4361729 0.4361729 
0.9024624 0.9024624 
0.9588255 0.9588255 
1 1 
0.9586546 0.9586546 
0.3312187 0.3312187 
1 1 
0.8287018 0.8287018 
0.7044103 0.7044103 
0.8824875 0.8824875 
0.9862414 0.9862414 
0.9376919 0.9376919 
0.8065347 0.8065347 
1 1 
0.7928903 0.7928903 
0.7716033 0.7716033 
0.474015 0.474015 
0.8355155 0.8355155 
0.8618383 0.8618383 
0.9010667 0.9010667 
0.8082337 0.8082337 
0.9728106 0.9728106 
1 1 
0.9720116 0.9720116 
0.8046321 0.8046321 
0.7033969 0.7033969 
0.9446117 0.9446117 
0.7715235 0.7715235 
0.8386321 0.8386321 
0.9201557 0.9201557 
0.6071432 0.6071432 
0.8189896 0.8189896 
0.9576245 0.9576245 
0.7625065 0.7625065 
0.8965338 0.8965338 
0.8834442 0.8834442 
0.674364 0.674364 
1 1 
1 1 
1 1 
0.8438188 0.8438188 
0.6549468 0.6549468 
0.8911813 0.8911813 
1 1 
1 1 
0.8753664 0.8753664 
0.8568383 0.8568383 
0.8795221 0.8795221 
0.7985206 0.7985206 
1 1 
0.6241718 0.6241718 
0.9832577 0.9832577 
0.8169809 0.8169809 
0.8166262 0.8166262 
0.843737 0.843737 
1 1 
0.8505576 0.8505576 
0.98221 0.98221 
0.4790128 0.4790128 
1 1 
0.8358122 0.8358122 
0.4292229 0.4292229 
0.8934983 0.8934983 
0.9385084 0.9385084 
1 1 
0.8944771 0.8944771 
0.6044861 0.6044861 
1 1 
0.4615544 0.4615544 
0.6009612 0.6009612 
