0.07529809 0.07529809 1 1 1 0.7922373 
0.08262928 0.08262928 1 1 1 0.8363305 
0.08721468 0.08721468 1 1 1 0.7928575 
0.08779294 0.08779294 1 1 1 0.9625718 
0.08190049 0.08190049 1 1 1 1 
0.08035291 0.08035291 1 1 1 0.7900958 
0.07055304 0.07055304 1 1 1 0.6500654 
0.08812554 0.08812554 1 1 1 1.075162 
0.09480647 0.09480647 1 1 1 1 
0.4152652 0.4152652 1 1 1 0.907165 
0.08717322 0.08717322 1 1 1 0.9032582 
0.09365293 0.09365293 1 1 1 0.7969681 
0.09519147 0.09519147 1 1 1 0.9071324 
0.08030737 0.08030737 1 1 1 1 
0.08307042 0.08307042 1 1 1 1 
0.0797343 0.0797343 1 1 1 0.9061911 
0.07605217 0.07605217 1 1 1 0.8671606 
0.07930257 0.07930257 1 1 1 0.9172117 
0.08371246 0.08371246 1 1 1 1.165099 
0.0804726 0.0804726 1 1 1 1.059001 
0.08438644 0.08438644 1 1 1 1.071059 
0.07963373 0.07963373 1 1 1 1.048475 
0.08495986 0.08495986 1 1 1 0.8043064 
0.07951396 0.07951396 1 1 1 0.7892315 
0.08325746 0.08325746 1 1 1 0.8443302 
0.09254931 0.09254931 1 1 1 0.8021386 
0.08292018 0.08292018 1 1 1 0.8978314 
0.08880645 0.08880645 1 1 1 0.6425059 
0.07718203 0.07718203 1 1 1 0.9043206 
0.07903522 0.07903522 1 1 1 0.7893547 
0.08402747 0.08402747 1 1 1 0.7798813 
0.07292889 0.07292889 1 1 1 1 
0.08447774 0.08447774 1 1 1 0.8015924 
0.0920996 0.0920996 1 1 1 0.8015922 
0.0579953 0.0579953 1 1 1 0.7966635 
0.08728457 0.08728457 1 1 1 1.059526 
0.4356161 0.4356161 1 1 1 0.9003737 
0.07970405 0.07970405 1 1 1 0.9086764 
0.08437716 0.08437716 1 1 1 1.035441 
0.078996 0.078996 1 1 1 0.7527276 
0.08247586 0.08247586 1 1 1 0.6455731 
0.06560393 0.06560393 1 1 1 0.9024652 
0.08154977 0.08154977 1 1 1 0.9875047 
0.08187264 0.08187264 1 1 1 0.8990152 
0.08635837 0.08635837 1 1 1 0.7895527 
0.07139628 0.07139628 1 1 1 0.8376571 
0.07624232 0.07624232 1 1 1 1 
0.08998499 0.08998499 1 1 1 0.8773744 
0.07740725 0.07740725 1 1 1 1.079972 
0.08473296 0.08473296 1 1 1 0.6995954 
0.09991765 0.09991765 1 1 1 1.052932 
0.07817804 0.07817804 1 1 1 0.9209339 
0.08536649 0.08536649 1 1 1 0.9614679 
0.08017066 0.08017066 1 1 1 0.7820278 
0.08439251 0.08439251 1 1 1 1 
0.08325111 0.08325111 1 1 1 0.9249429 
0.08182789 0.08182789 1 1 1 0.9036702 
0.07948344 0.07948344 1 1 1 1 
0.07713881 0.07713881 1 1 1 1.124609 
0.4122315 0.4122315 1 1 1 0.9026686 
0.08691288 0.08691288 1 1 1 0.9239817 
0.4402136 0.4402136 1 1 1 1.093118 
0.07893006 0.07893006 1 1 1 0.949273 
0.07925746 0.07925746 1 1 1 0.9134254 
0.07792079 0.07792079 1 1 1 0.8063073 
0.426356 0.426356 1 1 1 0.9083354 
0.2761471 0.2761471 1 1 1 0.7997722 
0.06581132 0.06581132 1 1 1 1.045533 
0.08505669 0.08505669 1 1 1 0.9943914 
0.07447629 0.07447629 1 1 1 0.7921803 
0.3974121 0.3974121 1 1 1 0.7814209 
0.08983245 0.08983245 1 1 1 0.926774 
0.07761762 0.07761762 1 1 1 1.065328 
0.08404253 0.08404253 1 1 1 0.66313 
0.4530816 0.4530816 1 1 1 0.9901649 
0.0496312 0.0496312 1 1 1 0.9002842 
0.09475183 0.09475183 1 1 1 0.9836228 
0.07515652 0.07515652 1 1 1 0.9080732 
0.0913574 0.0913574 1 1 1 0.9664022 
0.076507 0.076507 1 1 1 0.9078956 
0.08474829 0.08474829 1 1 1 0.8934653 
0.0778614 0.0778614 1 1 1 1.151165 
0.08245294 0.08245294 1 1 1 0.8236286 
0.05603458 0.05603458 1 1 1 0.915977 
0.08050914 0.08050914 1 1 1 0.6992023 
0.08239428 0.08239428 1 1 1 0.9108621 
0.08430037 0.08430037 1 1 1 0.9222628 
0.09067941 0.09067941 1 1 1 1.053565 
0.08331116 0.08331116 1 1 1 0.7821644 
0.07857082 0.07857082 1 1 1 0.9045278 
0.08859417 0.08859417 1 1 1 0.9062792 
0.08746283 0.08746283 1 1 1 1 
0.05581545 0.05581545 1 1 1 0.9016655 
0.08883364 0.08883364 1 1 1 0.9013943 
0.08531884 0.08531884 1 1 1 0.8657496 
0.08581933 0.08581933 1 1 1 0.9055049 
0.07358348 0.07358348 1 1 1 0.9106607 
0.08114531 0.08114531 1 1 1 0.7729403 
0.08673736 0.08673736 1 1 1 1.061671 
0.08048901 0.08048901 1 1 1 0.791175 
0.07903389 0.07903389 1 1 1 1.058612 
0.07307599 0.07307599 1 1 1 0.4814148 
0.07780569 0.07780569 1 1 1 1.059591 
0.08393441 0.08393441 1 1 1 0.9022652 
0.08556763 0.08556763 1 1 1 0.8998527 
0.08254026 0.08254026 1 1 1 0.8996529 
0.05338201 0.05338201 1 1 1 0.8969512 
0.08596449 0.08596449 1 1 1 0.8649803 
0.08330187 0.08330187 1 1 1 0.8117283 
0.08411026 0.08411026 1 1 1 1.034164 
0.07502368 0.07502368 1 1 1 0.91792 
0.08060415 0.08060415 1 1 1 0.9026758 
0.08437353 0.08437353 1 1 1 0.9046251 
0.08482324 0.08482324 1 1 1 0.9520766 
0.07974671 0.07974671 1 1 1 0.8240542 
0.09027259 0.09027259 1 1 1 0.7866644 
0.07469969 0.07469969 1 1 1 0.9757179 
0.08385393 0.08385393 1 1 1 0.9004735 
0.08302205 0.08302205 1 1 1 0.7040003 
0.08750886 0.08750886 1 1 1 1.04296 
0.07688019 0.07688019 1 1 1 0.9355556 
0.0773069 0.0773069 1 1 1 0.6507811 
0.06824618 0.06824618 1 1 1 0.8863633 
0.09296184 0.09296184 1 1 1 0.431183 
0.08628811 0.08628811 1 1 1 0.8994771 
0.08035297 0.08035297 1 1 1 0.9006764 
0.08926699 0.08926699 1 1 1 1.077784 
0.5154394 0.5154394 1 1 1 1 
0.08253759 0.08253759 1 1 1 0.9840806 
0.09563999 0.09563999 1 1 1 0.9036876 
0.08709396 0.08709396 1 1 1 0.8191169 
0.07826413 0.07826413 1 1 1 0.928178 
0.07965246 0.07965246 1 1 1 1.188458 
0.07270991 0.07270991 1 1 1 0.5132162 
0.09257862 0.09257862 1 1 1 1.06546 
0.09434167 0.09434167 1 1 1 1.072972 
0.4502234 0.4502234 1 1 1 0.9833536 
0.08536796 0.08536796 1 1 1 0.9010264 
0.07842648 0.07842648 1 1 1 0.9089438 
0.08841202 0.08841202 1 1 1 0.9053758 
0.07039519 0.07039519 1 1 1 0.7964765 
0.08553593 0.08553593 1 1 1 0.9069183 
0.1596281 0.1596281 1 1 1 1.164396 
0.06675534 0.06675534 1 1 1 0.9029922 
0.05899018 0.05899018 1 1 1 0.6859619 
0.0730569 0.0730569 1 1 1 0.9003129 
0.1008431 0.1008431 1 1 1 0.910539 
0.06682981 0.06682981 1 1 1 1 
0.07407734 0.07407734 1 1 1 0.5163231 
0.07795664 0.07795664 1 1 1 1.087301 
0.08566255 0.08566255 1 1 1 1.007523 
0.08092567 0.08092567 1 1 1 0.8987056 
0.1182459 0.1182459 1 1 1 0.8171575 
0.09431126 0.09431126 1 1 1 0.9640008 
0.08498418 0.08498418 1 1 1 1 
0.4518647 0.4518647 1 1 1 1 
0.07529851 0.07529851 1 1 1 0.9594279 
0.08135562 0.08135562 1 1 1 0.8147909 
0.07868239 0.07868239 1 1 1 0.9150947 
0.07523931 0.07523931 1 1 1 0.9054523 
0.09530525 0.09530525 1 1 1 1.024262 
0.07719769 0.07719769 1 1 1 0.8966854 
0.07578385 0.07578385 1 1 1 1.054027 
0.0914977 0.0914977 1 1 1 1.058435 
0.08575046 0.08575046 1 1 1 1.06698 
0.08186733 0.08186733 1 1 1 0.9029393 
0.4469839 0.4469839 1 1 1 1 
0.0786737 0.0786737 1 1 1 0.9142826 
0.08434856 0.08434856 1 1 1 0.7106254 
0.08488213 0.08488213 1 1 1 1.057122 
0.4580691 0.4580691 1 1 1 0.8080558 
0.07912477 0.07912477 1 1 1 1.059226 
0.08370236 0.08370236 1 1 1 0.9137989 
0.09010132 0.09010132 1 1 1 0.8138788 
0.08555864 0.08555864 1 1 1 0.9145883 
0.07675523 0.07675523 1 1 1 1 
0.08926907 0.08926907 1 1 1 1.058342 
0.08073722 0.08073722 1 1 1 1 
0.07700679 0.07700679 1 1 1 1.060805 
0.07895642 0.07895642 1 1 1 1.056452 
0.08762275 0.08762275 1 1 1 0.852915 
0.07595083 0.07595083 1 1 1 0.7801467 
0.05919295 0.05919295 1 1 1 0.9059615 
0.08004394 0.08004394 1 1 1 0.9148915 
0.08383151 0.08383151 1 1 1 0.9634587 
0.08698201 0.08698201 1 1 1 0.6861965 
0.07556586 0.07556586 1 1 1 1 
0.08423274 0.08423274 1 1 1 1.049267 
0.08397582 0.08397582 1 1 1 0.656342 
0.08232854 0.08232854 1 1 1 0.9014524 
0.07422819 0.07422819 1 1 1 0.7886696 
0.07604518 0.07604518 1 1 1 0.9012281 
0.3681099 0.3681099 1 1 1 1 
0.4964356 0.4964356 1 1 1 0.8837609 
0.08331599 0.08331599 1 1 1 1.139558 
0.08381436 0.08381436 1 1 1 0.8984917 
0.4683478 0.4683478 1 1 1 0.8990571 
0.0870805 0.0870805 1 1 1 1 
0.08825166 0.08825166 1 1 1 1.052469 
0.08202668 0.08202668 1 1 1 1 
