0.07142749 0.07142749 
0.06980013 0.06980013 
0.06939815 0.06939815 
0.07185256 0.07185256 
0.0758548 0.0758548 
0.06205526 0.06205526 
0.07983786 0.07983786 
0.06332498 0.06332498 
0.08290007 0.08290007 
0.06462756 0.06462756 
0.04743999 0.04743999 
0.06496299 0.06496299 
0.07062717 0.07062717 
0.06560642 0.06560642 
0.06389923 0.06389923 
0.06580094 0.06580094 
0.06671941 0.06671941 
0.06634891 0.06634891 
0.052078 0.052078 
0.06673155 0.06673155 
0.06681418 0.06681418 
0.06918319 0.06918319 
0.06987279 0.06987279 
0.06877598 0.06877598 
0.07576518 0.07576518 
0.07190298 0.07190298 
0.07278545 0.07278545 
0.07365915 0.07365915 
0.06274542 0.06274542 
0.05984952 0.05984952 
0.07140937 0.07140937 
0.07270414 0.07270414 
0.06630933 0.06630933 
0.07276548 0.07276548 
0.04398484 0.04398484 
0.07436336 0.07436336 
0.06622183 0.06622183 
0.08374557 0.08374557 
0.08496824 0.08496824 
0.06370788 0.06370788 
0.06630973 0.06630973 
0.07502499 0.07502499 
0.07730788 0.07730788 
0.07198182 0.07198182 
0.07870859 0.07870859 
0.08495182 0.08495182 
0.07519403 0.07519403 
0.07707881 0.07707881 
0.07057688 0.07057688 
0.06476015 0.06476015 
0.05424144 0.05424144 
0.06782393 0.06782393 
0.073652 0.073652 
0.06803744 0.06803744 
0.07192982 0.07192982 
0.06861259 0.06861259 
0.07633834 0.07633834 
0.0796386 0.0796386 
0.06998543 0.06998543 
0.08121936 0.08121936 
0.08870222 0.08870222 
0.07251317 0.07251317 
0.07484386 0.07484386 
0.07529533 0.07529533 
0.06744661 0.06744661 
0.07204764 0.07204764 
0.06162879 0.06162879 
0.07251171 0.07251171 
0.06424653 0.06424653 
0.08424712 0.08424712 
0.07825289 0.07825289 
0.07245718 0.07245718 
0.07957097 0.07957097 
0.06608665 0.06608665 
0.06607989 0.06607989 
0.06691685 0.06691685 
0.07021779 0.07021779 
0.06126249 0.06126249 
0.07399471 0.07399471 
0.06740539 0.06740539 
0.07223966 0.07223966 
0.06330069 0.06330069 
0.0733166 0.0733166 
0.06858092 0.06858092 
0.06980108 0.06980108 
0.0686429 0.0686429 
0.06775511 0.06775511 
0.06587392 0.06587392 
0.07174466 0.07174466 
0.07198637 0.07198637 
0.07934196 0.07934196 
0.06526399 0.06526399 
0.07363213 0.07363213 
0.06772405 0.06772405 
0.07120497 0.07120497 
0.07264901 0.07264901 
0.06335873 0.06335873 
0.0759824 0.0759824 
0.07440809 0.07440809 
0.06606525 0.06606525 
