0.08350377 0.08350377 
0.09359148 0.09359148 
0.08475197 0.08475197 
0.08190792 0.08190792 
0.05535639 0.05535639 
0.08194171 0.08194171 
0.08478025 0.08478025 
0.08749889 0.08749889 
0.09110442 0.09110442 
0.07877314 0.07877314 
0.07351351 0.07351351 
0.08664642 0.08664642 
0.07884953 0.07884953 
0.08781434 0.08781434 
0.08916335 0.08916335 
0.07922855 0.07922855 
0.08822995 0.08822995 
0.08195342 0.08195342 
0.4677093 0.4677093 
0.09160804 0.09160804 
0.07048827 0.07048827 
0.0926555 0.0926555 
0.3899985 0.3899985 
0.08728277 0.08728277 
0.08444685 0.08444685 
0.07721228 0.07721228 
0.09507781 0.09507781 
0.08813752 0.08813752 
0.08649885 0.08649885 
0.08043833 0.08043833 
0.08838128 0.08838128 
0.08024233 0.08024233 
0.08944797 0.08944797 
0.07759975 0.07759975 
0.07370834 0.07370834 
0.07891763 0.07891763 
0.05728766 0.05728766 
0.07607124 0.07607124 
0.08118701 0.08118701 
0.05407943 0.05407943 
0.05727686 0.05727686 
0.08496241 0.08496241 
0.07882212 0.07882212 
0.0914024 0.0914024 
0.0664145 0.0664145 
0.09269505 0.09269505 
0.08687245 0.08687245 
0.0559513 0.0559513 
0.08623572 0.08623572 
0.0740015 0.0740015 
0.06627396 0.06627396 
0.07178713 0.07178713 
0.07962054 0.07962054 
0.08029277 0.08029277 
0.08772645 0.08772645 
0.09631406 0.09631406 
0.07742513 0.07742513 
0.08604045 0.08604045 
0.09536639 0.09536639 
0.05964093 0.05964093 
0.07929164 0.07929164 
0.08287945 0.08287945 
0.08318994 0.08318994 
0.08303821 0.08303821 
0.09160492 0.09160492 
0.0958786 0.0958786 
0.08211087 0.08211087 
0.08014339 0.08014339 
0.09355378 0.09355378 
0.08082753 0.08082753 
0.4006885 0.4006885 
0.08136321 0.08136321 
0.06032688 0.06032688 
0.08082145 0.08082145 
0.05446451 0.05446451 
0.08027982 0.08027982 
0.08519094 0.08519094 
0.08234987 0.08234987 
0.0785935 0.0785935 
0.08254568 0.08254568 
0.08414807 0.08414807 
0.07971992 0.07971992 
0.07631803 0.07631803 
0.05900341 0.05900341 
0.07142918 0.07142918 
0.08009682 0.08009682 
0.08077009 0.08077009 
0.08676548 0.08676548 
0.08854846 0.08854846 
0.07545304 0.07545304 
0.07728824 0.07728824 
0.07620665 0.07620665 
0.08065057 0.08065057 
0.07547483 0.07547483 
0.07951481 0.07951481 
0.08021163 0.08021163 
0.09522611 0.09522611 
0.08459414 0.08459414 
0.06252822 0.06252822 
0.08040013 0.08040013 
