0.9969616 1.314831 19.85165 17.0336 22.14151 15.59086 
0.8995714 1.211577 18.08099 17.45223 39.79861 15.08862 
0.9532683 1.241269 18.04145 17.24254 22.09416 16.31293 
0.9646435 1.274616 18.4342 17.73991 26.50259 15.74783 
0.8095436 1.100782 17.92687 18.39382 28.78878 15.54545 
0.9442279 1.219487 18.02386 18.25775 36.01024 15.74423 
0.9191358 1.206443 17.89726 17.56338 28.29682 16.58743 
0.8024416 1.091622 17.76866 18.72997 27.97219 15.59975 
0.7846074 1.074668 17.81972 17.87579 26.46857 16.51733 
0.8021207 1.077255 17.69202 18.29004 27.61065 16.28717 
0.9606323 1.272711 18.18279 18.40531 28.56992 16.37818 
0.9896619 1.294884 18.63742 17.93677 25.48806 17.02066 
0.8364892 1.121503 17.64057 17.7054 34.93035 17.13513 
0.9648163 1.266235 18.45842 18.12331 30.46597 16.79942 
0.7711954 1.052787 17.63202 17.14894 34.09763 17.9715 
0.9827657 1.300635 18.53145 18.25692 30.24234 16.92071 
0.8431013 1.146521 17.93073 18.08842 27.80215 17.16187 
0.8281193 1.116132 17.92403 17.56643 24.91179 17.79373 
0.8764381 1.156431 18.11366 17.88483 25.52398 17.50791 
0.8478565 1.162299 18.51925 17.85328 24.91134 17.58276 
0.8587484 1.165657 17.88808 18.47056 34.26518 16.92352 
0.8983488 1.191091 18.05492 18.20318 23.53804 17.3795 
0.9018898 1.183034 18.10398 18.77864 34.06295 16.70525 
0.998883 1.312819 18.41223 18.00781 29.04029 17.59202 
0.9380152 1.233996 18.78674 18.00613 26.13637 17.63616 
0.763731 1.045948 17.43588 18.60159 32.92818 17.00195 
0.884665 1.167056 17.83608 18.48611 30.86347 17.24702 
0.892972 1.183086 17.76396 18.30954 33.72033 17.39861 
0.9393342 1.243867 18.23339 17.60082 29.06266 18.20705 
0.9118378 1.19135 18.05197 18.03861 29.5418 17.77754 
0.9929774 1.311193 19.4942 18.04013 26.66263 17.79735 
0.7986884 1.058809 17.33845 18.16759 21.5008 17.91202 
0.9850442 1.298068 18.33911 17.51738 23.08113 18.50029 
0.955497 1.259483 18.247 17.71019 31.86505 18.37049 
0.9881189 1.3057 18.30915 17.97057 29.77676 18.14868 
0.8840802 1.163565 18.1395 18.26559 32.69393 17.80993 
0.8513649 1.164916 17.85042 17.83729 36.36776 18.23543 
0.9269259 1.239162 18.07383 18.47476 26.51859 17.86609 
0.9134333 1.205095 17.06734 17.37162 34.00601 19.02662 
0.7405095 1.030316 17.67138 19.05191 31.35221 17.4169 
0.9917171 1.30722 18.44435 17.68259 25.52769 18.8506 
0.9767866 1.286149 20.4518 17.6755 33.14685 18.84467 
0.8622186 1.172251 17.93645 17.61316 34.5544 19.01913 
0.8103845 1.109407 17.51332 18.82455 30.67019 17.91438 
1.063619 1.334671 17.49973 18.5646 30.68103 18.20289 
0.9768841 1.336277 18.68892 19.42122 29.30197 17.32865 
0.9475751 1.20233 17.6389 18.45226 34.56964 18.27895 
0.8202741 1.120106 17.75765 18.12235 30.35622 18.6931 
0.9357202 1.212486 17.92699 19.50373 24.20495 17.42301 
1.000438 1.306043 18.3997 19.27561 36.77319 17.45235 
0.999732 1.326253 18.1569 17.46796 28.7937 19.40182 
0.8432114 1.143966 17.90855 17.67128 28.05354 19.28039 
0.826874 1.110992 17.42923 17.66442 34.76291 19.33774 
0.8441989 1.136612 18.07538 17.67114 35.79396 19.34191 
0.9458184 1.248994 18.12211 18.68759 35.42183 18.36903 
0.8214293 1.120486 18.15618 18.69989 27.31591 18.54935 
0.8611157 1.180539 18.02866 19.14548 28.43575 18.08066 
1.001505 1.305527 18.89079 18.36882 33.10354 18.78513 
0.9699755 1.273157 18.39365 18.06733 31.54063 19.19384 
0.9639313 1.294653 17.79652 17.44852 24.92087 19.98742 
0.8276377 1.117834 17.57571 17.31597 28.66355 20.1318 
0.8531406 1.159076 17.82581 20.20052 33.82584 17.51692 
0.8365574 1.115438 17.74129 18.76052 31.64298 19.03741 
0.8731458 1.162688 17.93455 18.59613 31.95347 19.23852 
0.9531796 1.234611 18.3088 18.47692 25.93818 19.45161 
0.9574285 1.270616 17.89822 19.25159 32.09436 18.62938 
0.924866 1.201271 18.1483 19.16581 27.51133 18.83931 
0.9879227 1.288173 18.86483 17.91603 35.66461 20.09157 
0.8425608 1.139015 17.87168 19.02203 26.59944 19.21019 
0.953001 1.244236 18.30678 18.34141 38.81912 19.71874 
0.8290071 1.117097 17.49078 19.16898 27.4976 19.29077 
0.978137 1.281672 19.26264 18.6771 39.9942 19.55 
0.9337642 1.263288 17.28623 18.43635 33.45645 20.20661 
0.8487341 1.157266 17.90959 19.28609 27.04162 19.63168 
0.9185536 1.22417 17.77433 17.70686 41.35545 21.41143 
0.7734034 1.060026 17.83038 17.15069 27.78043 22.23205 
0.8534749 1.143617 17.84539 18.38137 25.37676 21.2924 
0.7941146 1.087198 17.70185 18.40624 28.55442 21.23404 
0.841342 1.158321 17.86836 19.02242 36.96372 23.35981 
0.598444 0.9256759 18.07476 17.13092 27.57893 15.93751 
0.6187603 0.9325199 18.0833 16.94657 39.90085 15.3523 
0.6249826 0.9752648 19.03358 19.18277 28.45184 14.7298 
0.598191 0.9092026 18.04272 17.70175 21.98281 15.12949 
0.5466642 0.8526914 17.62301 16.51447 27.36448 15.75399 
0.6127808 0.9364274 17.92654 17.96398 26.06364 16.63998 
0.383554 0.5976679 18.13502 17.37522 23.50436 16.68237 
0.5613334 0.8765936 17.78399 16.44722 26.04629 17.45576 
0.9502835 1.318259 19.63209 18.85312 30.32216 15.3366 
0.5999651 0.9165862 18.05108 18.05953 26.01391 17.05297 
0.5444424 0.8436382 17.34388 17.26867 31.01419 15.84361 
0.6221027 0.9585018 18.94142 17.99238 25.11054 16.26027 
0.6549366 0.9831793 18.75228 18.39244 30.942 14.96621 
0.5508442 0.8464053 17.1818 17.79028 31.67607 15.32551 
0.5860145 0.8957644 17.81542 17.26004 27.88734 17.37763 
0.5866113 0.9094081 17.91097 17.88546 26.88133 16.64367 
0.4819486 0.7786312 17.11257 16.99066 20.16013 16.46192 
0.6105077 0.9222043 17.44862 17.64911 35.73436 16.37124 
0.5561414 0.8495889 17.21883 16.9774 32.32197 16.0855 
0.5209839 0.8221447 17.89016 17.77394 24.83299 16.77872 
0.5813961 0.9048998 18.81883 18.09783 30.91123 15.56994 
0.618891 0.934556 18.4693 17.56116 35.0343 15.43356 
0.5574682 0.8665993 17.57066 17.59035 25.38705 17.35827 
0.5737991 0.8779757 17.55814 18.09615 27.94774 16.7412 
0.5846527 0.8949742 17.1819 18.14916 33.45852 16.59141 
0.5232365 0.7445638 16.79248 17.37463 34.12654 16.12073 
0.5250525 0.8083723 16.65038 16.21765 39.06215 16.48914 
0.6236978 0.9632974 17.52308 17.91748 25.43601 17.49746 
0.4290385 0.7159169 16.68452 15.91366 33.24385 16.95499 
0.5441096 0.875767 17.93793 18.06061 35.04574 17.43445 
0.6261005 0.9612129 18.64827 18.98578 28.74801 16.14475 
0.5472174 0.8366456 12.30993 16.62869 31.19417 17.27102 
0.5666482 0.8612955 17.30541 16.78335 29.51215 17.47147 
0.5739648 0.8699851 17.49353 17.8793 28.27318 17.21802 
0.5402117 0.8387744 16.73911 17.80722 29.20428 16.22636 
0.6591947 1.002535 19.48624 19.21394 37.1383 17.60292 
0.5978677 0.9147689 18.29718 17.53379 29.83251 15.97069 
0.6081948 0.9291704 18.54208 18.14404 29.72066 17.42047 
0.5904062 0.9213028 18.2003 18.1352 28.76841 16.3212 
0.5615258 0.8800273 18.13426 18.91303 24.24891 14.93892 
0.5604267 0.8682566 17.66289 16.90118 35.21192 18.64937 
0.6777613 1.054594 19.11058 18.34138 35.40623 16.47629 
0.6662729 1.00495 18.87347 18.58311 27.01407 16.31577 
0.5611796 0.867522 17.16821 17.65738 31.96422 17.3839 
0.6289907 0.9652483 18.79048 19.15244 33.45106 16.25104 
0.590862 0.9059494 17.42755 18.15327 26.4094 18.07286 
0.5828223 0.8874872 17.76036 17.81324 31.62315 19.40944 
0.6225691 0.9525509 18.68182 18.44325 23.92554 18.62472 
0.5917377 0.8991358 17.68861 18.74304 30.51061 15.19142 
0.6211464 0.9475286 18.53494 18.69351 39.90181 17.35132 
0.5300634 0.8316631 16.74895 17.59796 24.50688 16.63207 
0.6409285 0.9882381 18.72235 18.87632 31.25997 18.05436 
0.5912378 0.9097075 17.67794 18.79179 25.34838 18.98674 
0.5541854 0.8690152 17.54938 18.90772 27.81661 14.54026 
0.6298785 0.9615915 18.67744 18.74994 26.87352 18.5715 
0.5610504 0.8532333 16.73709 16.76643 27.31365 18.90914 
0.5747666 0.8949203 18.01193 17.81454 31.92708 16.90686 
0.6130667 0.9341626 18.55993 18.82655 33.60524 17.43965 
0.5345523 0.828599 16.74764 17.82251 35.46182 16.97966 
0.5974433 0.9203222 18.26629 19.76272 30.84931 15.90205 
0.6833539 1.014644 18.66841 19.1252 28.73306 17.24261 
0.5527849 0.8677545 17.65558 18.32929 40.19889 15.88688 
0.576201 0.896632 18.05557 18.27034 29.54518 17.10901 
0.5731692 0.9273722 18.72499 19.44671 25.81057 18.99574 
0.5279658 0.8067365 16.58265 18.52566 37.63279 16.6941 
0.6806161 1.01551 19.13632 20.14768 33.99739 19.33348 
0.5735111 0.923569 18.95613 19.30715 25.91742 18.99366 
0.5411417 0.8480446 17.44986 17.39545 30.1018 16.7811 
0.5454564 0.8463857 17.13231 16.75883 33.15904 20.23616 
0.567101 0.8837056 17.36271 19.48552 28.32002 18.33862 
0.5835147 0.9097264 18.52152 18.19978 41.98393 18.92432 
0.5463946 0.8474252 17.5197 19.80725 29.16236 15.64671 
0.5760896 0.891238 18.22716 19.13958 33.01042 17.87403 
0.5097117 0.7973869 16.73676 18.10272 26.99878 18.52503 
0.6329818 0.9560106 18.55038 18.21343 28.28425 19.46422 
0.5270352 0.8283684 17.93837 18.11921 57.51921 16.91419 
0.5956335 0.9148436 17.79677 19.26423 27.62036 16.07445 
0.4974518 0.7867346 16.68183 18.66873 34.90058 13.81114 
0.581274 0.899483 17.97473 18.93876 29.45763 19.22318 
0.5828841 0.8967149 17.99195 13.32971 17.44258 7.82745 
0.5565031 0.857954 17.57127 11.19431 18.03616 7.872988 
0.5863066 0.9012911 13.46516 11.59635 14.16172 8.236633 
0.3731863 0.5774698 16.93522 11.62591 14.43129 8.055855 
0.6183817 0.9355764 17.99019 11.15834 13.20941 9.240491 
0.6057327 0.9473751 17.72396 11.78734 16.48489 8.386349 
0.5604086 0.8413053 16.40856 10.50265 17.52441 8.344807 
0.3368022 0.5284305 15.51281 11.25365 15.82359 8.708643 
0.5023122 0.7806089 13.55167 10.66174 17.60821 8.568026 
0.5061474 0.6882071 11.94898 10.79911 14.20617 8.452049 
0.5316353 0.8389883 17.30693 10.9256 15.30618 8.667532 
0.5191052 0.7961559 14.60771 10.57263 16.46821 8.66629 
0.5635064 0.8681829 17.17315 11.0736 17.2429 8.992616 
0.4872732 0.748553 12.97357 10.32418 20.09436 7.905161 
0.6217418 0.9431131 17.82899 10.38568 13.66501 9.350233 
0.5582569 0.8428416 11.36438 10.30973 13.62715 8.897685 
0.5593653 0.8578148 17.13919 11.31041 15.26988 9.023003 
0.5211289 0.8095722 14.40369 10.96477 17.72279 9.85262 
0.5360801 0.8419399 17.40209 11.26111 19.09703 8.828169 
0.6060884 0.9257681 17.86633 11.37972 17.72902 10.24392 
0.3055136 0.476054 9.912616 10.48612 18.48117 8.393058 
0.4980965 0.7669039 15.68688 10.42212 18.89318 9.298757 
0.5196309 0.8024356 13.51744 10.18358 23.65867 9.210873 
0.5628657 0.8602242 18.08816 11.81913 19.87377 10.62646 
0.5574522 0.8697319 17.18652 11.18377 16.59876 10.09124 
0.437376 0.7076192 14.2037 10.71676 15.54644 9.212327 
0.5228031 0.8018255 16.17804 11.11778 16.84465 8.981041 
0.494339 0.7528636 15.07492 10.76748 16.65043 8.770731 
0.284606 0.449717 9.561564 10.4833 15.82827 7.918134 
0.476217 0.7461047 11.55032 10.58635 19.68481 8.920282 
0.46525 0.7193294 14.5917 10.71226 26.8124 8.185582 
0.5368929 0.8322258 16.78682 11.59949 23.69167 9.286461 
0.4621909 0.7246344 14.69508 10.69936 19.66491 8.810032 
0.5225337 0.7962794 15.25226 12.53847 29.56631 7.579859 
0.5160458 0.7974365 11.82013 12.80317 27.21981 10.11964 
0.8590026 1.149723 11.99143 15.50429 27.61133 7.024358 
0.5884464 0.9081833 17.73555 15.79047 21.48274 8.429235 
0.5604668 0.8543408 17.1265 15.90018 27.94168 7.966833 
0.5394311 0.8268392 16.77695 14.75891 26.16896 8.305033 
0.457844 0.7098432 15.12088 14.43322 15.06739 6.951631 
0.502933 0.7837343 15.79533 15.03138 17.58576 8.331606 
0.4512544 0.698755 10.57998 15.63571 21.52119 6.00316 
