0.0813992 0.07893337 
0.03455695 0.03340957 
0.03548285 0.03531821 
0.03637743 0.03517381 
0.03558454 0.03481266 
0.03511426 0.03480847 
0.08125505 0.07688165 
0.03561442 0.0354757 
0.03239247 0.03346274 
0.0909474 0.08826971 
0.03489506 0.03412376 
0.03673073 0.03441182 
0.03992173 0.03968686 
0.037424 0.03622024 
0.03644933 0.03566419 
0.03447681 0.03337982 
0.03826126 0.03702714 
0.1064514 0.1024397 
0.03169747 0.03063274 
0.03732072 0.03633403 
0.03630594 0.03576666 
0.116338 0.1088372 
0.09635923 0.08924539 
0.03225775 0.03273577 
0.03510357 0.03442967 
0.03723492 0.03669409 
0.03532672 0.03466257 
0.03517706 0.03457088 
0.03869956 0.03811678 
0.03588015 0.0351507 
0.03767541 0.03719847 
0.03738926 0.03658256 
0.03373204 0.03391106 
0.03614083 0.03516467 
0.03321484 0.03270864 
0.03542616 0.03446694 
0.03847797 0.03664014 
0.03679675 0.03645756 
0.03814039 0.03785637 
0.03099339 0.03021697 
0.03753025 0.03782836 
0.03623415 0.0357482 
0.03593201 0.03474707 
0.03354269 0.03359486 
0.03717072 0.03608688 
0.03588645 0.03600882 
0.03454691 0.03325347 
0.035198 0.03366952 
0.0332357 0.03281455 
0.03654009 0.03578758 
0.03688689 0.03522269 
0.03360159 0.03315072 
0.1012049 0.09683129 
0.03519099 0.03525508 
0.03920615 0.0389645 
0.0349712 0.03493757 
0.03478634 0.03445154 
0.03892994 0.03854175 
0.03565831 0.03387824 
0.03443616 0.03339097 
0.03985351 0.03891915 
0.03580085 0.03491737 
0.0393966 0.03901468 
0.08517585 0.08058811 
0.03436945 0.03425338 
0.03144939 0.03095969 
0.03531958 0.035087 
0.03308099 0.03245439 
0.04365468 0.04315437 
0.03840529 0.03662344 
0.04052331 0.03975506 
0.03534128 0.03515023 
0.03247558 0.03245262 
0.03376774 0.03303934 
0.03496445 0.03440298 
0.0324274 0.0315312 
0.04149338 0.04105886 
0.03630952 0.03605045 
0.03680645 0.03577054 
0.03677415 0.03408868 
0.03512468 0.03541941 
0.03497173 0.03352896 
0.03604116 0.03545093 
0.0388767 0.03800044 
0.03452038 0.03357877 
0.03699179 0.03616422 
0.03700969 0.03550273 
0.03713488 0.03695308 
0.03598608 0.03531966 
0.03827601 0.0379152 
0.03621091 0.03575167 
0.04059732 0.04013486 
0.03816139 0.03664565 
0.03232116 0.03174248 
0.0355848 0.03503853 
0.03777367 0.03640972 
0.03485664 0.03412595 
0.03639543 0.0355938 
0.03428506 0.03355383 
0.0351698 0.03473169 
