0.04384696 0.0420123 
0.05148589 0.04953302 
0.04402072 0.0426547 
0.04649161 0.04464696 
0.04239818 0.0401056 
0.04046689 0.03837019 
0.04511083 0.04461263 
0.03302923 0.0326695 
0.0430759 0.04198823 
0.03875192 0.03725803 
0.03192388 0.02886059 
0.03716822 0.0361438 
0.0408563 0.03892603 
0.04055919 0.03763062 
0.04621618 0.04467272 
0.04101307 0.03866072 
0.04052484 0.03816354 
0.03829968 0.03818163 
0.06516004 0.05346694 
0.03882687 0.0369304 
0.04103725 0.03997127 
0.03381608 0.03054969 
0.04536634 0.03903784 
0.05328967 0.05340268 
0.04231831 0.04080284 
0.04272729 0.04137126 
0.0546473 0.05314926 
0.04457936 0.04244117 
0.04410849 0.04158886 
0.04272711 0.0408964 
0.05065722 0.04747438 
0.04591368 0.04423973 
0.04927993 0.04750466 
0.03755451 0.03541183 
0.04456299 0.04220676 
0.04330957 0.04225166 
0.0488715 0.04719687 
0.04006916 0.03799066 
0.03296312 0.03174825 
0.04327461 0.0404289 
0.043141 0.0417692 
0.04614675 0.04284855 
0.03823782 0.03726421 
0.05729213 0.05517636 
0.03608176 0.03507621 
0.04132636 0.03864887 
0.0334327 0.03221202 
0.03839705 0.03816387 
0.03805136 0.03695064 
0.04761349 0.04500368 
0.04505736 0.04291431 
0.04318241 0.04186568 
0.03621803 0.03373723 
0.03725317 0.03581441 
0.04499705 0.04531901 
0.04834817 0.04619744 
0.0419292 0.03968272 
0.04391013 0.04313499 
0.05553388 0.05292296 
0.03472794 0.03210978 
0.05177449 0.05017844 
0.04098925 0.04164046 
0.04888887 0.04739931 
0.04267597 0.04093708 
0.04282795 0.03760126 
0.04227636 0.04119686 
0.04687727 0.04103441 
0.0419081 0.03913574 
0.0502305 0.0479155 
0.03640278 0.0348558 
0.04484199 0.04299709 
0.0443924 0.04202237 
0.04598497 0.0446596 
0.04265246 0.03995706 
0.04979542 0.04695 
0.0451919 0.04427308 
0.04146823 0.04128294 
0.03964299 0.03889132 
0.04737168 0.04474379 
0.04240319 0.04107086 
0.04197312 0.03954305 
0.05169354 0.04988394 
0.03663795 0.03431788 
0.04259055 0.04156425 
0.03718005 0.0347749 
0.03754605 0.03619281 
0.04325118 0.04136615 
0.03653802 0.0354186 
0.0489334 0.04731504 
0.0393696 0.03857686 
0.03786641 0.03491097 
0.04028252 0.03884107 
0.04767323 0.04485971 
0.03361212 0.03111277 
0.03815984 0.03643272 
0.0436029 0.03948156 
0.05061287 0.04914732 
0.03470051 0.03337263 
0.04186311 0.04051501 
0.04020556 0.03810451 
