0.0416115 0.03978295 
0.04046114 0.03857824 
0.04123211 0.03577289 
0.04224479 0.03946184 
0.04109012 0.03981536 
0.03993547 0.03739353 
0.03306029 0.03037485 
0.04171712 0.03473745 
0.04896339 0.04345249 
0.04983519 0.04570612 
0.05686762 0.04671735 
0.04523568 0.04119132 
0.04757595 0.04799599 
0.03738887 0.03588258 
0.0490344 0.04538755 
0.04359762 0.04299571 
0.03916642 0.0340879 
0.03526885 0.03380688 
0.040897 0.03905301 
0.04331146 0.04140679 
0.04734056 0.04671939 
0.04707649 0.04430526 
0.03484253 0.0343563 
0.04661359 0.04072822 
0.04530047 0.04123804 
0.03904306 0.03764351 
0.04269224 0.03947251 
0.04430676 0.03975293 
0.04319266 0.03848055 
0.04919588 0.04446237 
0.05280144 0.04796798 
0.0456651 0.04290136 
0.04498852 0.03831843 
0.0459785 0.04586277 
0.04377898 0.03858364 
0.03858218 0.03484697 
0.04151629 0.03921749 
0.03893907 0.03876287 
0.04477182 0.04153414 
0.03730623 0.03581735 
0.06395468 0.06192276 
0.04632018 0.04042939 
0.04098139 0.03814577 
0.03571598 0.03478771 
0.03933939 0.03479722 
0.03774919 0.03265427 
0.03648541 0.03469717 
0.04662503 0.04154382 
0.05050505 0.04450527 
0.04342818 0.04163412 
0.05059222 0.04820263 
0.03886051 0.0350773 
0.04344252 0.04070758 
0.03718819 0.03494736 
0.04700958 0.04008537 
0.08521496 0.04708001 
0.04597254 0.04140645 
0.04249347 0.03738843 
0.0408465 0.03958326 
0.041598 0.03862527 
0.04824073 0.0464895 
0.05863861 0.05273123 
0.0508032 0.04462799 
0.03935393 0.03740305 
0.04170976 0.04176006 
0.03743042 0.03473848 
0.04276326 0.04111595 
0.04440159 0.0376166 
0.04210627 0.03908384 
0.05438268 0.04716326 
0.04202964 0.03807661 
0.05010174 0.04694576 
0.03962389 0.03437355 
0.04007608 0.039108 
0.04085072 0.03868882 
0.03729961 0.04077085 
0.04302068 0.04046317 
0.04795558 0.04013168 
0.03496925 0.03133385 
0.04700024 0.04501518 
0.04231843 0.03970538 
0.04217644 0.03882054 
0.05519352 0.05273039 
0.03362857 0.03252355 
0.04104134 0.03819431 
0.06164337 0.05717224 
0.03900623 0.0364701 
0.04882473 0.05176202 
0.04062969 0.03831172 
0.04972736 0.04362638 
0.03936695 0.03546217 
0.04824054 0.03930492 
0.04517708 0.04431805 
0.03780639 0.03582062 
0.03974204 0.03639078 
0.04949135 0.04046668 
0.04449334 0.0438535 
0.04277586 0.03674994 
0.04066115 0.03817981 
0.04898707 0.04667504 
