0.04662951 0.04334156 
0.04007894 0.0405838 
0.03545845 0.03374949 
0.038863 0.03574741 
0.04657117 0.04406938 
0.05127822 0.04659406 
0.04392132 0.0429824 
0.04778985 0.04101157 
0.04444753 0.0412304 
0.05308872 0.05006696 
0.043067 0.03477983 
0.04226006 0.0416342 
0.04364272 0.04194486 
0.04574779 0.04387759 
0.04302466 0.0377373 
0.04248079 0.04061055 
0.04322494 0.04018575 
0.03860493 0.03678382 
0.0509554 0.04938439 
0.05091719 0.04365367 
0.03949506 0.038744 
0.04214289 0.04075258 
0.04356948 0.04257328 
0.03822655 0.03618389 
0.04662667 0.04254025 
0.04572495 0.04326847 
0.05209638 0.0505288 
0.0518513 0.04714896 
0.04139747 0.03942957 
0.03787412 0.03524337 
0.04355922 0.04218874 
0.04188572 0.03929606 
0.03723781 0.03733721 
0.03358187 0.03239339 
0.03980356 0.03759225 
0.04215448 0.04194123 
0.0449171 0.04030206 
0.0407833 0.03755298 
0.04451181 0.04216964 
0.0462304 0.04282863 
0.03843093 0.03591152 
0.03359738 0.03184592 
0.0566512 0.05289129 
0.04286383 0.04013148 
0.04002427 0.03936817 
0.05334127 0.04823114 
0.04421877 0.04291823 
0.0535092 0.04866403 
0.05089241 0.04973975 
0.03862009 0.03573655 
0.043714 0.04397538 
0.04790836 0.0443909 
0.03932429 0.03611389 
0.04255076 0.04184404 
0.03515323 0.0334512 
0.04607612 0.04157176 
0.05526228 0.05249764 
0.04410389 0.0413464 
0.04493347 0.04228458 
0.05032897 0.04380122 
0.04881291 0.04618252 
0.04291317 0.03967404 
0.03864817 0.03658815 
0.04682939 0.04437466 
0.04302587 0.03963264 
0.03817057 0.03730789 
0.03839055 0.03635198 
0.04881217 0.04695523 
0.0452497 0.04262902 
0.04624745 0.04452493 
0.04332508 0.04075737 
0.04546432 0.04287092 
0.04682101 0.04605911 
0.0459943 0.04140094 
0.05415714 0.04721925 
0.04104669 0.03617084 
0.04093291 0.0369878 
0.04117645 0.04011225 
0.03741512 0.03656015 
0.04375417 0.04155024 
0.04918399 0.04756583 
0.0436186 0.04099342 
0.03844479 0.03714793 
0.03595249 0.03564819 
0.04369979 0.03920382 
0.04705485 0.04516097 
0.04669971 0.0435167 
0.04189829 0.03702195 
0.03945471 0.03850567 
0.04841851 0.04583985 
0.0455033 0.04159969 
0.04850644 0.04555481 
0.0440806 0.04242736 
0.0384446 0.03508252 
0.05057187 0.04833007 
0.03828596 0.03660125 
0.04950825 0.0486364 
0.04128762 0.04011298 
0.03437765 0.0320371 
0.04029118 0.03609256 
