0.07448189 0.07448189 
0.06852894 0.06852894 
0.07734294 0.07734294 
0.1477955 0.1477955 
0.05049185 0.05049185 
0.08353327 0.08353327 
0.08717995 0.08717995 
0.07405401 0.07405401 
0.08437159 0.08437159 
0.0764828 0.0764828 
0.234662 0.234662 
0.07685384 0.07685384 
0.06317682 0.06317682 
0.07953859 0.07953859 
0.07193531 0.07193531 
0.06957929 0.06957929 
0.0792362 0.0792362 
0.08540462 0.08540462 
0.07642691 0.07642691 
0.06914024 0.06914024 
0.07732113 0.07732113 
0.07840434 0.07840434 
0.06735025 0.06735025 
0.09268015 0.09268015 
0.07308653 0.07308653 
0.07585538 0.07585538 
0.07465896 0.07465896 
0.0737299 0.0737299 
0.07310666 0.07310666 
0.07593028 0.07593028 
0.07965522 0.07965522 
0.06376449 0.06376449 
0.0755818 0.0755818 
0.07182662 0.07182662 
0.07808989 0.07808989 
0.06220069 0.06220069 
0.06936611 0.06936611 
0.08587303 0.08587303 
0.07603843 0.07603843 
0.0747473 0.0747473 
0.08026097 0.08026097 
0.0733007 0.0733007 
0.07435704 0.07435704 
0.0769424 0.0769424 
0.08732412 0.08732412 
0.07786757 0.07786757 
0.07327725 0.07327725 
0.07612612 0.07612612 
0.06803956 0.06803956 
0.07479235 0.07479235 
0.07390476 0.07390476 
0.07107414 0.07107414 
0.07175284 0.07175284 
0.08651392 0.08651392 
0.07512661 0.07512661 
0.08128127 0.08128127 
0.07655858 0.07655858 
0.04591303 0.04591303 
0.07403007 0.07403007 
0.07454346 0.07454346 
0.07488433 0.07488433 
0.08152059 0.08152059 
0.07108602 0.07108602 
0.07537862 0.07537862 
0.07957653 0.07957653 
0.0753687 0.0753687 
0.08754382 0.08754382 
0.08114071 0.08114071 
0.04642869 0.04642869 
0.07374619 0.07374619 
0.08239365 0.08239365 
0.06900917 0.06900917 
0.06962046 0.06962046 
0.07982797 0.07982797 
0.07673582 0.07673582 
0.07795511 0.07795511 
0.07711576 0.07711576 
0.07439524 0.07439524 
0.07748732 0.07748732 
0.07729025 0.07729025 
0.07058541 0.07058541 
0.08400187 0.08400187 
0.07894522 0.07894522 
0.07997359 0.07997359 
0.08011415 0.08011415 
0.07866858 0.07866858 
0.07628816 0.07628816 
0.08198215 0.08198215 
0.07489831 0.07489831 
0.08618614 0.08618614 
0.09123283 0.09123283 
0.0756525 0.0756525 
0.0779997 0.0779997 
0.0698106 0.0698106 
0.04306573 0.04306573 
0.07873296 0.07873296 
0.07829547 0.07829547 
0.05826805 0.05826805 
0.04335809 0.04335809 
0.07145759 0.07145759 
