0.03949725 0.03846561 
0.03943721 0.03874124 
0.03893285 0.0374212 
0.03969993 0.03958103 
0.03581791 0.03451548 
0.03989841 0.03727695 
0.0421929 0.0409231 
0.03901072 0.03784903 
0.04201951 0.04123155 
0.03842373 0.03765551 
0.03673187 0.03497524 
0.038453 0.03674495 
0.03803133 0.03706659 
0.03868195 0.03725093 
0.03881135 0.03810991 
0.0351771 0.03491129 
0.03677974 0.03570338 
0.03700917 0.03355274 
0.04073653 0.03909297 
0.04202341 0.04112559 
0.09565374 0.08905015 
0.03592753 0.03391326 
0.0401899 0.03920139 
0.03608867 0.03581025 
0.04123131 0.04042344 
0.03691081 0.03593329 
0.03697571 0.03538491 
0.03900009 0.0365372 
0.03788462 0.03658104 
0.03643805 0.03516321 
0.1207051 0.1057865 
0.03834994 0.03689756 
0.03532647 0.03437574 
0.04001392 0.03884309 
0.03708618 0.03456969 
0.04310014 0.04220006 
0.03662649 0.0336528 
0.03530564 0.03405503 
0.03679809 0.03584492 
0.03692107 0.03596074 
0.03613812 0.0356735 
0.03619207 0.03629745 
0.03927168 0.03854214 
0.03950556 0.03727577 
0.03705747 0.0369007 
0.03555707 0.0336461 
0.03542748 0.03415156 
0.04470614 0.04354755 
0.03153641 0.02985 
0.03769706 0.03593278 
0.04749639 0.04622488 
0.03523348 0.03373025 
0.04283866 0.04190298 
0.03550355 0.03460616 
0.03882831 0.03702557 
0.09609182 0.09366623 
0.03906622 0.03784297 
0.03903264 0.03872659 
0.03888447 0.03808391 
0.04363807 0.04270387 
0.04346115 0.04174321 
0.04127873 0.03994434 
0.03466669 0.03266232 
0.03740304 0.03586759 
0.03641485 0.03548413 
0.03522038 0.03435212 
0.03716465 0.03613274 
0.03798251 0.03695623 
0.0357106 0.03511043 
0.03899656 0.03766324 
0.04075022 0.03885827 
0.03777486 0.03737589 
0.04020457 0.03861324 
0.04123897 0.04052201 
0.03583606 0.03481146 
0.03597644 0.03463134 
0.03733169 0.03706904 
0.0358278 0.03489046 
0.09969108 0.09455359 
0.03923524 0.03861887 
0.04799885 0.04720316 
0.04269445 0.04127784 
0.03938367 0.03855004 
0.0391053 0.03845245 
0.03542861 0.03319914 
0.03951133 0.03742307 
0.03605205 0.03485177 
0.09023816 0.08405198 
0.03773613 0.03612976 
0.03790296 0.03663664 
0.04114908 0.04027055 
0.03716428 0.0352418 
0.03415125 0.03358601 
0.03357198 0.03350447 
0.03484955 0.03333384 
0.03350555 0.03296294 
0.03738393 0.03596787 
0.03596578 0.03504341 
0.03601938 0.0345951 
0.04059759 0.03966727 
