0.03189982 0.03175784 
0.03240719 0.03247958 
0.03296129 0.03345451 
0.04345859 0.04199978 
0.03111056 0.0306646 
0.03378048 0.03412556 
0.03468284 0.03337935 
0.03110086 0.03108958 
0.03461218 0.03370553 
0.03387816 0.03341484 
0.06183546 0.05927996 
0.02835738 0.02860924 
0.03247289 0.03199057 
0.03315514 0.03314183 
0.03276319 0.03239954 
0.03062968 0.03018987 
0.03085456 0.03117709 
0.03882042 0.0382076 
0.03176712 0.03241945 
0.03334629 0.03258594 
0.03206025 0.03168602 
0.03211416 0.03183796 
0.03330228 0.03239289 
0.03171149 0.0314079 
0.03218229 0.03159209 
0.03133209 0.03103062 
0.0311748 0.03159916 
0.0305217 0.03030246 
0.03192419 0.0314461 
0.03319352 0.0329297 
0.03256352 0.032347 
0.03417914 0.0324754 
0.03261398 0.03213579 
0.03109059 0.03064316 
0.03258269 0.03295574 
0.03100926 0.03066342 
0.03467707 0.03455992 
0.03284246 0.03231964 
0.0321091 0.03173014 
0.03422028 0.03377742 
0.03193178 0.03131905 
0.03181974 0.03116506 
0.03021514 0.02948043 
0.03131087 0.03106077 
0.03826386 0.03741153 
0.03227616 0.03112786 
0.0343417 0.03407603 
0.03998783 0.03993708 
0.03275749 0.03207883 
0.03425326 0.03395991 
0.03232202 0.03197538 
0.0310639 0.03128382 
0.03043396 0.03051125 
0.03406639 0.03346964 
0.03164957 0.03134109 
0.03325332 0.03304884 
0.03317615 0.03241365 
0.03309295 0.03290809 
0.03500013 0.03444807 
0.03342117 0.03297858 
0.03157435 0.03163363 
0.0348 0.03418655 
0.0317312 0.03277719 
0.03322134 0.03295185 
0.03624267 0.03578508 
0.03248471 0.03184113 
0.03374266 0.03185795 
0.0319065 0.03061436 
0.03106597 0.03072925 
0.03231539 0.03188546 
0.03180901 0.03186424 
0.03431293 0.0340276 
0.03203369 0.03146758 
0.03588912 0.03550656 
0.0319889 0.03203137 
0.03256978 0.03170675 
0.03330125 0.03247347 
0.03254587 0.03142473 
0.03116608 0.03149917 
0.03041012 0.03026743 
0.03274999 0.03157194 
0.03332445 0.03273592 
0.03817374 0.03793021 
0.03439785 0.03372732 
0.03203132 0.0319296 
0.03280945 0.03255406 
0.03355928 0.03247346 
0.0352362 0.03497942 
0.03382477 0.0325004 
0.03201694 0.03183094 
0.03246037 0.03230758 
0.03763816 0.03691785 
0.03245784 0.03179788 
0.03445722 0.03328265 
0.03092035 0.03041499 
0.03060053 0.03058668 
0.03038776 0.03073343 
0.03433292 0.0338437 
0.03161818 0.03065329 
0.03170555 0.03136565 
