0.04644619 0.03565739 
0.04395771 0.04147048 
0.04428367 0.04296402 
0.0467637 0.04401856 
0.04248258 0.04046149 
0.03978675 0.03889585 
0.05412316 0.04038754 
0.04047311 0.04020612 
0.03605051 0.03850657 
0.04487193 0.03972526 
0.04200794 0.04084781 
0.04502996 0.0399851 
0.04906006 0.04875494 
0.04528273 0.04277982 
0.04282685 0.04131095 
0.04320568 0.04096932 
0.04683303 0.04400162 
0.0511371 0.04756589 
0.03325988 0.03076598 
0.051317 0.04950748 
0.0441875 0.04298361 
0.04742129 0.04944773 
0.06291269 0.05066035 
0.03468263 0.03521878 
0.03755043 0.03417251 
0.0412809 0.04015 
0.03821501 0.037056 
0.04267678 0.04139925 
0.05540001 0.05423583 
0.03641447 0.03505698 
0.04608721 0.0446195 
0.04817237 0.04593347 
0.03710246 0.03704531 
0.04502099 0.04294316 
0.03610778 0.03453918 
0.03632873 0.03412343 
0.04577066 0.04203463 
0.04171283 0.04095681 
0.04277395 0.04211532 
0.0311237 0.02926605 
0.0432453 0.04370982 
0.03940813 0.03793604 
0.04360362 0.04167841 
0.03748516 0.03704385 
0.04344392 0.04147436 
0.0426556 0.04273973 
0.0372755 0.03472441 
0.03911291 0.03527651 
0.03915473 0.03817772 
0.04034869 0.03870009 
0.04538355 0.04074762 
0.03740496 0.03660692 
0.05071064 0.04256574 
0.04267093 0.04340713 
0.04821919 0.04766954 
0.04152352 0.04143812 
0.03914461 0.03801143 
0.04828357 0.04674705 
0.04252816 0.03945037 
0.03898439 0.03636318 
0.0507683 0.04933569 
0.04658136 0.04475602 
0.05352589 0.05284131 
0.05167706 0.04311804 
0.04074264 0.04013135 
0.03282817 0.03142088 
0.03650462 0.03524931 
0.04041952 0.03916026 
0.06011645 0.05896117 
0.04884389 0.04473247 
0.0530485 0.05132574 
0.0416802 0.0409743 
0.03569297 0.0352327 
0.03462908 0.03277167 
0.04220911 0.04091689 
0.03649616 0.03433494 
0.05135512 0.05017968 
0.04229914 0.04112805 
0.04661307 0.04422721 
0.04735967 0.04041633 
0.03761695 0.03777718 
0.03830188 0.03525778 
0.04312739 0.04136818 
0.04837922 0.04665849 
0.03528026 0.03374045 
0.04483556 0.04265471 
0.0450247 0.04160253 
0.03940537 0.03878289 
0.03645176 0.03492452 
0.04947507 0.04858624 
0.0413828 0.04029916 
0.05172651 0.05053039 
0.04304233 0.03756207 
0.03496382 0.0329938 
0.03765755 0.0366147 
0.04455211 0.04179757 
0.03559132 0.03433356 
0.0423093 0.04075271 
0.0394194 0.03674274 
0.04020261 0.03897726 
