0.03508457 0.03508457 
0.03470664 0.03470664 
0.03551924 0.03551924 
0.03410615 0.03410615 
0.0386386 0.0386386 
0.03369699 0.03369699 
0.0342831 0.0342831 
0.03606649 0.03606649 
0.03979921 0.03979921 
0.03577358 0.03577358 
0.03255172 0.03255172 
0.03474018 0.03474018 
0.03916258 0.03916258 
0.0315 0.0315 
0.03208564 0.03208564 
0.03251883 0.03251883 
0.03362317 0.03362317 
0.0348609 0.0348609 
0.02979329 0.02979329 
0.03207954 0.03207954 
0.03600456 0.03600456 
0.03383787 0.03383787 
0.03607003 0.03607003 
0.03126179 0.03126179 
0.03070826 0.03070826 
0.03118618 0.03118618 
0.03953781 0.03953781 
0.0362112 0.0362112 
0.03124678 0.03124678 
0.0365488 0.0365488 
0.0311708 0.0311708 
0.03468453 0.03468453 
0.03310867 0.03310867 
0.03340892 0.03340892 
0.02492464 0.02492464 
0.03115164 0.03115164 
0.03420149 0.03420149 
0.03588379 0.03588379 
0.03322133 0.03322133 
0.03368048 0.03368048 
0.03220922 0.03220922 
0.03632432 0.03632432 
0.03315442 0.03315442 
0.03640017 0.03640017 
0.03762022 0.03762022 
0.0318038 0.0318038 
0.03305387 0.03305387 
0.03311582 0.03311582 
0.03501007 0.03501007 
0.03711759 0.03711759 
0.03478496 0.03478496 
0.03648273 0.03648273 
0.03569445 0.03569445 
0.03314985 0.03314985 
0.03590289 0.03590289 
0.04025653 0.04025653 
0.03574658 0.03574658 
0.0341235 0.0341235 
0.03643863 0.03643863 
0.03212812 0.03212812 
0.03109731 0.03109731 
0.03386385 0.03386385 
0.03272961 0.03272961 
0.02336219 0.02336219 
0.03587547 0.03587547 
0.0367811 0.0367811 
0.03017672 0.03017672 
0.03435702 0.03435702 
0.03082222 0.03082222 
0.03163258 0.03163258 
0.0343328 0.0343328 
0.03376123 0.03376123 
0.03668425 0.03668425 
0.03065389 0.03065389 
0.03262318 0.03262318 
0.03424124 0.03424124 
0.03553633 0.03553633 
0.03885977 0.03885977 
0.03652342 0.03652342 
0.03697898 0.03697898 
0.03297451 0.03297451 
0.03701823 0.03701823 
0.03436177 0.03436177 
0.03649685 0.03649685 
0.03674187 0.03674187 
0.02448351 0.02448351 
0.03581423 0.03581423 
0.0318719 0.0318719 
0.03232632 0.03232632 
0.03498065 0.03498065 
0.03099451 0.03099451 
0.03571292 0.03571292 
0.03348464 0.03348464 
0.03361728 0.03361728 
0.03281961 0.03281961 
0.03493653 0.03493653 
0.03335652 0.03335652 
0.03312266 0.03312266 
0.03450465 0.03450465 
0.02938289 0.02938289 
