0.8352728 1.02208 
0.8289871 1.119007 
0.8269958 1.108649 
0.8265243 1.100095 
0.8185923 0.9984939 
0.9252956 1.202491 
0.7990742 0.9634054 
0.9802113 1.246522 
0.8164079 1.094688 
0.8099625 1.048286 
0.9936707 1.254659 
0.8982975 1.172554 
0.9611042 1.231986 
0.9718821 1.233724 
0.958569 1.217915 
0.9457381 1.210354 
0.6598501 0.9314129 
0.6056018 0.8865368 
0.598244 0.8635795 
0.5258124 0.7913949 
0.4987745 0.6880271 
0.3729506 0.6432083 
0.6265857 0.9138463 
0.6469994 0.9309008 
0.4389653 0.6071906 
0.6275227 0.8962805 
0.5410831 0.7837152 
0.5316837 0.7121267 
0.6358483 0.9104857 
0.522599 0.6993763 
0.5891061 0.8732438 
0.4859622 0.6486273 
0.6140437 0.9251981 
0.6101055 0.9049752 
0.6018374 0.886719 
0.5961418 0.8879712 
0.5447176 0.7158616 
0.5240152 0.813355 
0.6798761 0.9911795 
0.3670557 0.6583245 
0.6101677 0.8060851 
0.564086 0.8493564 
0.4402945 0.6115718 
0.4881632 0.6613412 
0.6188097 0.9036713 
0.4961104 0.7655787 
0.5230682 0.7901695 
0.5281093 0.9614775 
0.5487676 0.8450513 
0.537405 0.8169737 
0.5367556 0.8415201 
0.5192041 0.7866774 
0.6547065 0.9666069 
0.3804383 0.6517189 
0.4764581 0.7721558 
0.4319274 0.7157691 
0.5415456 0.8567824 
0.6253085 0.9386036 
0.6168616 0.9279611 
0.5759332 0.7686517 
0.5484471 0.7412903 
0.6450844 0.9721887 
0.5027246 0.7931862 
0.579288 0.8623772 
0.3660982 0.560508 
0.6608589 0.9764528 
0.6507385 0.9927466 
0.594789 0.9220099 
0.6160972 0.9222589 
0.5861435 0.9064176 
0.5780723 0.908849 
0.6251323 0.9422624 
0.6488931 0.9654777 
0.4287806 0.6928806 
0.3798716 0.5795898 
0.8088403 1.109881 
0.5513995 0.7903135 
0.6199727 0.9347446 
0.6004498 0.9065418 
0.7961299 0.9749534 
0.5793931 1.096457 
0.5434914 0.8304679 
0.5343738 1.014532 
0.564774 1.080101 
0.4226773 0.9305825 
0.3069601 0.6139114 
0.4839032 0.6470954 
0.368896 0.5492275 
0.3369417 0.6562455 
0.7898927 1.072302 
0.5058763 0.6831193 
0.5067747 0.6594517 
0.2082429 0.3334186 
0.490238 0.6565833 
0.2346108 0.355051 
0.2803702 0.4208128 
0.2896743 0.5798676 
0.2786613 0.5669351 
0.2176147 0.3362942 
0.2032967 0.3542991 
