0.03571983 0.03506307 
0.0352509 0.03466672 
0.03673493 0.03637848 
0.03400883 0.03307481 
0.03497418 0.03439939 
0.03687978 0.03565295 
0.03565197 0.03425495 
0.08798229 0.08532446 
0.03446569 0.03347052 
0.03999601 0.03914529 
0.03761936 0.03693557 
0.03418381 0.03362877 
0.03990642 0.03929256 
0.03371323 0.03319388 
0.07658539 0.0722864 
0.063704 0.06135675 
0.03922291 0.0383377 
0.03823846 0.03690715 
0.03829401 0.03684159 
0.0350408 0.03457545 
0.03406994 0.03330534 
0.03432338 0.03380546 
0.03398993 0.03314456 
0.03572185 0.03362962 
0.09376774 0.0878885 
0.03483484 0.03406294 
0.03996292 0.03846071 
0.03818229 0.03713585 
0.0359163 0.03518897 
0.03392287 0.03303968 
0.03483995 0.03343758 
0.03499763 0.03447546 
0.03853143 0.03676088 
0.03670675 0.03598165 
0.0354932 0.03495253 
0.03519389 0.03400766 
0.03566688 0.03513432 
0.03568194 0.03511541 
0.03531408 0.03422999 
0.03501256 0.03434223 
0.03464645 0.03423413 
0.03536248 0.03376972 
0.03542712 0.03486868 
0.0353479 0.03516978 
0.03715019 0.03590889 
0.06948307 0.0660025 
0.03989138 0.03940128 
0.04029157 0.03987528 
0.03284895 0.03225306 
0.03747765 0.03665884 
0.03787351 0.03676781 
0.04061785 0.04003132 
0.04021535 0.03910015 
0.03629683 0.03555887 
0.0323037 0.03253927 
0.03340154 0.03229859 
0.03496045 0.03339565 
0.03725937 0.03535367 
0.0358555 0.03511952 
0.03445964 0.03385713 
0.03504735 0.03462502 
0.03548327 0.03515107 
0.03276586 0.0322424 
0.03741962 0.03664395 
0.03510394 0.03464794 
0.03877134 0.03809875 
0.03307003 0.03243624 
0.03317635 0.03375366 
0.03485881 0.03417526 
0.03922569 0.03852388 
0.03349778 0.03305799 
0.03311564 0.03278017 
0.03485309 0.03332121 
0.03534908 0.03486849 
0.03237334 0.03206267 
0.03849495 0.03614145 
0.0355228 0.03513217 
0.03492415 0.03403698 
0.03742409 0.0361546 
0.03642046 0.03603624 
0.03683241 0.03669919 
0.03577955 0.03581906 
0.03740044 0.03723174 
0.03913567 0.03671202 
0.03616145 0.03562116 
0.04048042 0.03995465 
0.03610694 0.03523937 
0.0356873 0.034778 
0.03705436 0.03554785 
0.03548601 0.03509234 
0.0344737 0.03405512 
0.03551222 0.03416283 
0.03838645 0.03876972 
0.1009146 0.0978871 
0.04032575 0.0397588 
0.03623429 0.03554564 
0.03711861 0.03569855 
0.0327327 0.03213976 
0.03726441 0.03578982 
0.03707608 0.03554722 
