0.767108 0.9427881 
0.9693499 1.226192 
0.9883845 1.249263 
0.8701499 1.118143 
0.8690767 1.139303 
0.891227 1.150862 
0.813561 1.080112 
0.8871975 1.153692 
0.8229983 1.065076 
0.7691734 0.9491515 
0.8582716 1.055165 
0.7912896 0.9920166 
0.7519944 1.020048 
0.9136436 1.166832 
0.8925641 1.145054 
0.8363464 1.032394 
0.8209085 1.05798 
0.7367558 1.006521 
0.912173 1.180102 
0.9047108 1.15863 
0.8873129 1.140209 
0.8776541 1.146239 
0.9083064 1.178234 
0.8982284 1.172082 
0.9199684 1.180049 
0.9244449 1.193316 
0.9034779 1.176349 
0.8530197 1.138955 
0.7890129 1.06744 
0.836797 1.102369 
0.8179166 1.087588 
0.9067404 1.18285 
0.8449781 1.12393 
0.8048289 1.060757 
0.7783589 1.046679 
0.58288 0.8623545 
0.545013 0.8168812 
0.7283165 0.8992584 
0.7897911 1.037961 
0.7345994 0.9857268 
0.563684 0.8158627 
0.4374056 0.7034657 
0.682683 0.8655996 
0.7691858 1.033449 
0.6809759 0.9728203 
0.7315998 0.9751799 
0.7135115 0.9819255 
0.5950408 0.8568919 
0.6636047 0.8277032 
0.7239943 0.9936657 
0.7163479 0.9120359 
0.37938 0.6776736 
0.7648807 1.021736 
0.3127637 0.4957917 
0.5894096 0.866106 
0.285114 0.5108187 
0.3559082 0.5371606 
0.8315699 1.061797 
0.590287 0.8558743 
0.6475828 0.9406176 
0.822634 1.096675 
0.5796475 0.8832459 
0.5466166 0.8179035 
0.3103669 0.4828527 
0.5559199 0.8400881 
0.3073635 0.5320888 
0.6127763 0.8770216 
0.4938109 0.6556542 
0.5332863 0.7141204 
0.3010406 0.4686468 
0.5152335 0.6765099 
0.3823485 0.6624954 
0.5165491 0.765568 
0.522037 0.7900064 
0.4322493 0.6777799 
0.3141596 0.4694684 
0.4797537 0.6272459 
0.4078557 0.5668225 
0.3166521 0.5648556 
0.2804239 0.4332955 
0.2709761 0.418889 
0.4875407 0.7372053 
0.4634984 0.623287 
0.2841172 0.4331682 
0.6151035 0.7618692 
0.6353099 0.7959385 
0.2519186 0.3883018 
0.5048833 0.7522111 
0.2813518 0.4385028 
0.3906612 0.5175736 
0.3895204 0.5205519 
0.3951826 0.5187852 
0.2294402 0.3474376 
0.4120631 0.5449111 
0.3911295 0.539727 
0.6101253 0.7455056 
0.4070394 0.548876 
0.3755209 0.4900608 
0.2010386 0.3154063 
0.3784873 0.4916656 
