0.8081601 1.140944 
0.7734461 1.042864 
0.9277959 1.215842 
0.7809904 1.078456 
0.8310575 1.062577 
0.8869343 1.176096 
0.8947532 1.188564 
0.9904251 1.292864 
1.00386 1.304938 
0.9728899 1.243591 
0.8533525 1.112642 
0.9680107 1.248384 
0.8864956 1.088121 
0.958185 1.229553 
0.8397057 1.080151 
0.9597898 1.262065 
0.8783796 1.156168 
1.005649 1.306116 
0.9277241 1.222272 
0.9707606 1.270956 
0.5370553 1.118857 
0.6348152 1.257421 
0.6921146 0.9855156 
0.6167049 1.122548 
0.6062479 1.127587 
0.8906853 1.1918 
0.6158226 0.8841598 
0.6797709 0.9274976 
0.6768425 1.199622 
0.8044858 1.072201 
0.5551407 1.067739 
0.6577039 1.205296 
0.8766365 1.155483 
0.5589838 0.7591145 
0.5427036 0.799278 
0.3916492 0.7308149 
0.5477653 0.711143 
0.502002 0.9258757 
0.8142495 1.089411 
0.5670571 0.8300428 
0.6797175 0.999507 
0.3568587 0.7093878 
0.6479385 0.9397595 
0.6729615 0.9991059 
0.6434879 0.9491689 
0.3960447 0.6828535 
0.5668287 0.8340962 
0.5617504 0.8282039 
0.4172008 0.59989 
0.6003914 0.8833818 
0.6797729 0.9621639 
0.4186392 0.6406631 
0.6095927 0.8936017 
0.5253088 0.8188679 
0.5817525 0.8378944 
0.4293833 0.6245098 
0.5600972 0.8420639 
0.5264471 0.8248703 
0.521102 0.7097871 
0.6526279 0.9685514 
0.5397127 0.8160398 
0.6466088 0.9624343 
0.4179139 0.673286 
0.570812 0.876534 
0.65031 0.944772 
0.5299337 0.7413294 
0.5546622 0.8360858 
0.6194134 0.9601986 
0.5127358 0.7103455 
0.6263473 0.9146399 
0.6498017 0.8586097 
0.405086 0.5964434 
0.5957663 0.9220328 
0.6344168 0.9480135 
0.6476927 0.9628196 
0.5914237 0.8979025 
0.8579688 1.198747 
0.6113305 0.9369717 
0.5177567 0.8594377 
0.6546972 0.989481 
0.6527698 0.9836156 
0.644649 0.9661946 
0.6158803 0.9065096 
0.62638 0.9699504 
0.7007778 1.041819 
0.4530158 0.797977 
0.4302273 0.64854 
0.2765033 0.4268229 
0.6652703 0.9557166 
0.4081111 0.5605211 
0.6301219 0.9100962 
0.9004965 1.195149 
0.6298504 0.9292939 
0.3221714 0.4822299 
0.5946994 0.7862203 
0.2589695 0.3910811 
0.605433 0.8324835 
0.2180998 0.3308039 
0.2123716 0.3293717 
0.2220316 0.3415639 
