0.03325177 0.0326228 
0.03165111 0.03141229 
0.0323803 0.03202911 
0.03163879 0.03083472 
0.03302328 0.03271381 
0.03234409 0.0318964 
0.03377191 0.03350357 
0.03676832 0.03489482 
0.03196758 0.03242077 
0.03167611 0.03114613 
0.03219098 0.03162371 
0.03232309 0.0313189 
0.0333795 0.03307591 
0.03307776 0.03275972 
0.03303651 0.03237388 
0.03065629 0.0302886 
0.03210032 0.03131878 
0.03076162 0.03058248 
0.03257824 0.03255029 
0.03087232 0.03137951 
0.03254988 0.03229475 
0.03333915 0.03306981 
0.0305108 0.03013194 
0.03135717 0.03099244 
0.03305906 0.03329192 
0.03199892 0.03116061 
0.0317456 0.03077184 
0.03318783 0.03272143 
0.0328427 0.03263346 
0.03414764 0.03411862 
0.03367562 0.03326862 
0.03100574 0.03110489 
0.03121692 0.030818 
0.03006188 0.02986243 
0.031224 0.03163939 
0.03357983 0.03359973 
0.03115674 0.03166227 
0.03227879 0.03082204 
0.03296361 0.03216233 
0.03188527 0.03166506 
0.03138027 0.03102231 
0.03084181 0.03037523 
0.0334986 0.0338702 
0.03267682 0.03139492 
0.03179763 0.03167115 
0.03234076 0.03280575 
0.03037421 0.02999357 
0.0320756 0.03177493 
0.03072331 0.03025617 
0.03080121 0.03018149 
0.03305922 0.03295652 
0.03086168 0.03044907 
0.03304216 0.03315841 
0.03534597 0.03457352 
0.0357433 0.03548403 
0.03366141 0.03311769 
0.03192911 0.03152989 
0.03425159 0.03311288 
0.03338273 0.03297572 
0.03166516 0.03201152 
0.0326733 0.03173074 
0.02969474 0.02995724 
0.03159542 0.03149091 
0.0324358 0.03282221 
0.0315043 0.03113616 
0.03226059 0.0320385 
0.03199398 0.03148231 
0.03222968 0.03202223 
0.03076655 0.03020409 
0.03344186 0.03251311 
0.0307737 0.02982856 
0.03067174 0.03081662 
0.03160714 0.03169343 
0.03460044 0.03426196 
0.03174005 0.03146433 
0.03145567 0.03198205 
0.03079161 0.03136996 
0.0325994 0.03215393 
0.03100316 0.03060863 
0.03449296 0.03358602 
0.03305661 0.03265235 
0.03164757 0.03163719 
0.03179651 0.03030185 
0.03268477 0.03258411 
0.03052901 0.03080092 
0.03473484 0.03460424 
0.03115292 0.03035845 
0.03159836 0.03189969 
0.03143472 0.03065942 
0.03066238 0.03119519 
0.03102232 0.03068405 
0.03286527 0.03202489 
0.03116244 0.03089994 
0.03200182 0.03146346 
0.03394222 0.03354252 
0.03797764 0.03800486 
0.03262527 0.03179825 
0.03105058 0.0308632 
0.03574427 0.03510084 
0.03692197 0.03528348 
