0.03181828 0.02982131 
0.03262849 0.02995944 
0.03223715 0.02857576 
0.03412711 0.03045612 
0.03445474 0.03079093 
0.0313009 0.02877892 
0.03629784 0.03258353 
0.03267145 0.03063758 
0.03260926 0.02998677 
0.03508235 0.03190727 
0.03307099 0.03058826 
0.03501824 0.03065823 
0.03294473 0.03013857 
0.03180274 0.03018347 
0.03448908 0.03029762 
0.0341658 0.03249116 
0.03243952 0.02959897 
0.03492716 0.03147668 
0.03339211 0.03004614 
0.03259019 0.03006202 
0.03335551 0.03075554 
0.03681283 0.03164837 
0.03010439 0.02910849 
0.0327658 0.03089674 
0.03172194 0.02986884 
0.03397215 0.03108446 
0.03600361 0.0333829 
0.03215363 0.02885881 
0.03264796 0.02863191 
0.03270917 0.03038452 
0.03504287 0.03027347 
0.03046583 0.02864615 
0.0338807 0.02932962 
0.03297551 0.03051076 
0.03141678 0.02974235 
0.03573204 0.03427329 
0.03728755 0.03491342 
0.03371038 0.02996587 
0.03285836 0.03093479 
0.0331653 0.03002175 
0.03458141 0.03030191 
0.03113364 0.02960416 
0.03753175 0.03211921 
0.03333875 0.03168638 
0.03758744 0.03209121 
0.0350699 0.03017596 
0.03238554 0.03047807 
0.03339071 0.0312989 
0.03322174 0.03275827 
0.03325596 0.03013084 
0.03468863 0.03182172 
0.03918708 0.03228072 
0.03672946 0.03233541 
0.03101931 0.02910842 
0.03432819 0.03116421 
0.03246228 0.03103404 
0.03332924 0.0297258 
0.03768057 0.03304406 
0.03783926 0.03363924 
0.03424722 0.02951895 
0.03343971 0.02879629 
0.03257645 0.02977896 
0.03207351 0.02886891 
0.03291024 0.03079101 
0.03538779 0.03108521 
0.03342183 0.03034355 
0.03557405 0.0329331 
0.03209985 0.03183955 
0.03633476 0.02994354 
0.03429501 0.03006794 
0.03111416 0.02892562 
0.03485114 0.03109085 
0.03275564 0.03136864 
0.03250982 0.02973323 
0.0342196 0.03383581 
0.03303988 0.02908788 
0.03248258 0.02979489 
0.03566022 0.03183116 
0.03323742 0.03116672 
0.03061793 0.02858823 
0.03191628 0.02915101 
0.03331821 0.02894915 
0.0343671 0.02916897 
0.03191462 0.03190324 
0.03294702 0.03039447 
0.03270406 0.03134731 
0.0332259 0.03652977 
0.03096362 0.02900533 
0.03178116 0.03076868 
0.03245407 0.02976047 
0.03119971 0.02865249 
0.0361495 0.03399529 
0.03354082 0.03204473 
0.03071505 0.03018779 
0.0325749 0.0303526 
0.03126505 0.02933018 
0.03144791 0.03026207 
0.03094478 0.02763677 
0.0357251 0.03387357 
0.03192456 0.02740284 
