0.03930217 0.03811997 0.3195428 0.04803989 0.232106 0.03445571 
0.03658115 0.03588997 0.3085747 0.04375232 0.2342801 0.03218522 
0.03360605 0.03242078 0.3270748 0.04210575 0.2236837 0.03299919 
0.04139645 0.03929883 0.2898977 0.04202575 0.2343079 0.03553031 
0.03478409 0.03346992 0.2857103 0.04010762 0.2157759 0.03304046 
0.03870127 0.0381116 0.3232145 0.04768155 0.2102426 0.0357082 
0.03681755 0.03620796 0.3180708 0.0367008 0.2373352 0.03749214 
0.03726932 0.0362079 0.3299149 0.05189313 0.2274364 0.03323113 
0.03873857 0.0383171 0.3038543 0.03975196 0.2344431 0.03213294 
0.03860688 0.03741179 0.3335743 0.05338855 0.2109329 0.0397939 
0.04357228 0.04180716 0.2876101 0.03908846 0.2387185 0.03250159 
0.03828815 0.03665966 0.3035826 0.04182641 0.2337929 0.03006738 
0.0426011 0.04098933 0.3244063 0.0439019 0.2341369 0.03566383 
0.03665455 0.03568953 0.3339783 0.0382189 0.2471775 0.03791968 
0.04110081 0.03898968 0.3217918 0.05075649 0.2441067 0.0378868 
0.03584392 0.03392717 0.3228277 0.04894731 0.2374126 0.03212131 
0.03947813 0.03949915 0.2897399 0.0492386 0.2147732 0.03806323 
0.04102783 0.04041673 0.2707779 0.04402472 0.2048 0.03360457 
0.04041779 0.04040379 0.2889277 0.03987507 0.2561163 0.03929838 
0.04208877 0.04112431 0.287075 0.03739543 0.2484274 0.03553147 
0.0372031 0.03619521 0.2773471 0.04297336 0.2372002 0.04093591 
0.03807592 0.03732934 0.3036054 0.05821878 0.2224005 0.03752772 
0.04035886 0.04019912 0.2824281 0.04287465 0.2111404 0.03598875 
0.04280284 0.04027435 0.2977307 0.03997262 0.241745 0.03351516 
0.03680701 0.03553441 0.3148717 0.04277122 0.2282011 0.03577259 
0.04018299 0.03748471 0.2911918 0.04052905 0.2497854 0.03285309 
0.03459692 0.03293886 0.2718821 0.04275978 0.2110709 0.0362697 
0.0367349 0.03542269 0.3178557 0.05758956 0.2511617 0.03443196 
0.0400958 0.03774117 0.2929451 0.05049413 0.2443224 0.03629969 
0.04283194 0.04108789 0.3025598 0.04137216 0.2326099 0.03229241 
0.04000304 0.03889895 0.2739107 0.0482005 0.2279906 0.03706748 
0.03776504 0.03661502 0.3028356 0.04151588 0.2259838 0.03783825 
0.04468127 0.04273358 0.3236808 0.04383604 0.2238026 0.03741385 
0.03988657 0.03565489 0.2584706 0.04887787 0.2225863 0.03669479 
0.03699008 0.03625698 0.3155474 0.04656805 0.2362891 0.03380657 
0.03759785 0.03674311 0.3328854 0.05123125 0.2164019 0.02952795 
0.04145071 0.04055824 0.2923971 0.03543744 0.2304727 0.03638002 
0.03745254 0.03548207 0.3225724 0.04695142 0.2198393 0.03684442 
0.04724604 0.04567722 0.3341391 0.04916197 0.2385531 0.03854127 
0.03878528 0.03758151 0.327024 0.04756433 0.2298532 0.03461181 
0.03960475 0.03692923 0.311212 0.03896691 0.2236732 0.03889334 
0.03685473 0.03515071 0.3246286 0.05453905 0.2385799 0.04015846 
0.03728938 0.03567239 0.2558521 0.04295972 0.2252245 0.03803631 
0.041601 0.04042847 0.3239093 0.04450008 0.2354905 0.03791333 
0.03592593 0.03501719 0.300869 0.03912504 0.255747 0.03749691 
0.03943826 0.03831031 0.3087026 0.04247774 0.2321646 0.03596081 
0.03890965 0.03729549 0.3161979 0.04534027 0.2332045 0.03654618 
0.04170099 0.03902579 0.2049402 0.04757011 0.2112993 0.03085392 
0.04363007 0.04344272 0.2401732 0.03664005 0.2057033 0.03078895 
0.03516801 0.03492858 0.2262889 0.04242953 0.2326086 0.03312517 
0.04096811 0.03855515 0.2673747 0.04382297 0.2225091 0.0368877 
0.04184988 0.03946457 0.201322 0.04679157 0.221454 0.03580062 
0.05365155 0.05009266 0.04734823 0.05154804 0.2181172 0.04620111 
0.04216009 0.03921971 0.2908496 0.04462272 0.2428091 0.03517745 
0.03872236 0.03826817 0.3029267 0.05023931 0.2347679 0.02957426 
0.03806304 0.03627988 0.3039338 0.04664248 0.241068 0.02902042 
0.03852211 0.03757209 0.2962169 0.03936656 0.2478546 0.0340152 
0.0428397 0.04149959 0.3230061 0.03895308 0.258951 0.03617857 
0.04020125 0.03805596 0.2816042 0.03801935 0.2452087 0.0341225 
0.04013545 0.03893872 0.2634236 0.04559768 0.2104256 0.03568292 
0.04185102 0.04063263 0.3350631 0.04067246 0.2457843 0.03804658 
0.04059039 0.03958549 0.2609777 0.03936558 0.2056801 0.03302563 
0.04142947 0.03721219 0.1320187 0.04264837 0.2239559 0.03760619 
0.04303174 0.04175551 0.3078803 0.0414896 0.2503453 0.03976572 
0.03724638 0.03622086 0.2934156 0.03851772 0.2513179 0.03097453 
0.03671812 0.0355052 0.228574 0.03593118 0.2241237 0.02944731 
0.04421608 0.04336796 0.3274553 0.04404456 0.2356735 0.03379681 
0.03777633 0.03535763 0.2527695 0.03649723 0.2299747 0.03571749 
0.03628617 0.03501496 0.3313642 0.04959503 0.2203033 0.03412884 
0.04209137 0.04098158 0.2924861 0.05305869 0.2556054 0.03321571 
0.0407524 0.03887977 0.3366881 0.05205569 0.2206096 0.03699289 
0.04369658 0.04248494 0.3158741 0.04367425 0.2328 0.03351573 
0.04083217 0.03994631 0.2969714 0.03766814 0.2457444 0.03665084 
0.03664847 0.03698319 0.247546 0.03946361 0.2135019 0.03271731 
0.04544215 0.04356024 0.2713784 0.04110003 0.2521288 0.03654028 
0.04465905 0.04367344 0.3270154 0.03952428 0.2331922 0.03584743 
0.04594907 0.04539286 0.2914094 0.04224116 0.2653969 0.03535529 
0.0374782 0.03689279 0.3310421 0.04290819 0.2278567 0.03187527 
0.03708286 0.03572672 0.2752715 0.04248444 0.2453154 0.03369962 
0.04269879 0.0412643 0.3004117 0.04757926 0.2229525 0.03628286 
0.04029341 0.03883234 0.3180636 0.0355575 0.2318897 0.02976738 
0.03825824 0.03676164 0.2750626 0.04449284 0.2477196 0.03619394 
0.03650432 0.03595474 0.3247197 0.03578022 0.2356132 0.03372392 
0.03885298 0.03761993 0.3202941 0.03949956 0.2350334 0.03281706 
0.04292016 0.03984974 0.3046934 0.03986672 0.2475229 0.03633317 
0.03366557 0.03341312 0.3195177 0.0351453 0.2320927 0.03427754 
0.101663 0.09234308 0.09823871 0.04331059 0.2029781 0.03611097 
0.03942228 0.03881241 0.3061889 0.03459527 0.2441502 0.0349096 
0.03644506 0.03383618 0.2963929 0.03367311 0.2367585 0.02995764 
0.04008734 0.03847355 0.2346719 0.03921074 0.2211253 0.03422509 
0.03693023 0.03551624 0.3282474 0.05658404 0.2399936 0.03602595 
0.04601871 0.04486036 0.3005131 0.03638168 0.2194178 0.03241469 
0.03588638 0.03494754 0.2937787 0.04469458 0.2377399 0.03297645 
0.03720121 0.03564972 0.3290922 0.04661228 0.2569464 0.03740162 
0.04109239 0.03775222 0.2759697 0.0396164 0.2215989 0.03473102 
0.0362032 0.03534296 0.3171521 0.04467119 0.2443975 0.03483911 
0.03967929 0.03831805 0.3222272 0.03791677 0.2235195 0.03108229 
0.0432025 0.04075509 0.2151759 0.03883943 0.217801 0.03716117 
0.0408967 0.03912087 0.326254 0.04393501 0.2302829 0.03588252 
0.03690905 0.03660066 0.2966111 0.05397458 0.239294 0.02940866 
