0.03626616 0.03516557 0.2477701 0.04656297 0.18014 0.03169843 
0.03537588 0.03461553 0.2479505 0.03435294 0.1593936 0.02753814 
0.03702073 0.03645365 0.2623163 0.05027535 0.1668028 0.03583415 
0.03887515 0.03809522 0.2499082 0.04520597 0.1666088 0.03661175 
0.0339793 0.03290351 0.2566777 0.05180349 0.1734997 0.03489102 
0.03581053 0.0347267 0.2565386 0.04491671 0.1805042 0.03290928 
0.0376653 0.03624456 0.2495986 0.06836892 0.1629692 0.0374835 
0.03877862 0.03674706 0.2401812 0.04708856 0.183106 0.03501749 
0.03763332 0.03663926 0.2480058 0.05412788 0.1746028 0.03717612 
0.03592465 0.03486433 0.259792 0.05013027 0.1738863 0.03548985 
0.03849882 0.03651434 0.2135229 0.04568935 0.1839389 0.0345006 
0.03991804 0.03899767 0.255188 0.05021242 0.1707278 0.0352837 
0.1166874 0.1129475 0.1149498 0.05502737 0.1644566 0.03722169 
0.04174748 0.0408612 0.2605384 0.03853852 0.166422 0.02941112 
0.03989543 0.03847042 0.2488751 0.05363731 0.1692584 0.03228927 
0.03625909 0.0349179 0.2006376 0.05951302 0.1855918 0.03234262 
0.08786634 0.08561528 0.0852507 0.06077731 0.1527305 0.03168187 
0.03765298 0.03677647 0.2547185 0.04201638 0.1702119 0.03249673 
0.04354728 0.04276018 0.2632331 0.05354547 0.1640432 0.0387314 
0.03860482 0.03726524 0.212284 0.05755039 0.1955519 0.03675053 
0.04102512 0.04009879 0.2506019 0.04494106 0.1712395 0.03570427 
0.03638598 0.03491104 0.2632988 0.05112076 0.1808401 0.03609766 
0.03982 0.03924377 0.2526074 0.05361202 0.1777495 0.03523378 
0.03665198 0.0359627 0.2371005 0.04590923 0.1707838 0.03161971 
0.03679802 0.03677688 0.2313209 0.05864583 0.1874736 0.03280341 
0.03441305 0.03228698 0.2058205 0.05157243 0.1977152 0.03324374 
0.03771931 0.0347972 0.2461668 0.05941444 0.1803829 0.03890507 
0.03931812 0.03677292 0.2328439 0.06026711 0.1656348 0.03202501 
0.03671453 0.0353505 0.2213362 0.05157242 0.1734482 0.03407396 
0.09883883 0.09165157 0.09835503 0.06037674 0.1560502 0.04094074 
0.0369943 0.0352861 0.2522363 0.04843171 0.1752133 0.03717575 
0.04065802 0.04049096 0.2358435 0.05760816 0.1753913 0.03623811 
0.04092241 0.0403368 0.2640454 0.06553576 0.1469473 0.03177442 
0.03856026 0.03795331 0.2538688 0.04287755 0.174613 0.03358472 
0.03781139 0.03683574 0.2379175 0.04499386 0.1878585 0.03576247 
0.03495425 0.0340516 0.2604763 0.05376982 0.1715557 0.0311558 
0.03901721 0.03806689 0.2315662 0.05928358 0.1805114 0.03795315 
0.03710539 0.0361488 0.2639643 0.07185938 0.1705583 0.03432438 
0.04033775 0.03829119 0.2334863 0.05641998 0.1802042 0.02986253 
0.03801236 0.03668465 0.123966 0.04691836 0.1823128 0.03319293 
0.03678868 0.03636884 0.2310595 0.03779072 0.1829291 0.03345376 
0.03882466 0.03832449 0.2524435 0.03853364 0.1748825 0.03206886 
0.04145726 0.03999894 0.2417032 0.05296995 0.1560397 0.03875318 
0.03553692 0.03396039 0.2183183 0.03982869 0.1795535 0.0330668 
0.03771599 0.03735233 0.2316513 0.04152255 0.1843147 0.0365813 
0.03517136 0.03451608 0.233357 0.0518128 0.1807385 0.03903564 
0.08629906 0.08136789 0.08302092 0.05700596 0.1635927 0.03713576 
0.03637787 0.03496277 0.2212502 0.04241599 0.1903799 0.03331376 
0.03834298 0.03757402 0.2626579 0.0534879 0.1739284 0.03913667 
0.03876861 0.03714623 0.2194933 0.04101751 0.1919455 0.04115275 
0.03490508 0.03231102 0.2414614 0.06327607 0.176218 0.03558895 
0.09887752 0.09203714 0.09603372 0.05743467 0.1729189 0.03130346 
0.0346568 0.0342425 0.2195176 0.05125361 0.1835277 0.03645077 
0.03779299 0.03660874 0.2451053 0.05489424 0.1393095 0.0338758 
0.04468414 0.04310681 0.2483362 0.05237767 0.1551391 0.03614722 
0.04253246 0.04002941 0.130552 0.05093132 0.1756411 0.03688274 
0.03623854 0.03506776 0.2513689 0.04030145 0.163599 0.03669154 
0.0371885 0.03515246 0.1993825 0.04805985 0.1883602 0.03411174 
0.03585648 0.03492067 0.2311741 0.06145907 0.1895475 0.03854595 
0.0410984 0.03995761 0.2603342 0.06175259 0.1666541 0.0335132 
0.03624461 0.03532323 0.2165808 0.05783643 0.1846549 0.03287854 
0.0375467 0.03675149 0.2288103 0.05493981 0.1967834 0.03132441 
0.03701759 0.03637098 0.2585214 0.06049576 0.1786423 0.03677952 
0.03665801 0.03523866 0.1323009 0.05504415 0.1667969 0.03541778 
0.03675943 0.03481198 0.2091547 0.05607646 0.166875 0.03127233 
0.03853772 0.03682566 0.2236316 0.06560029 0.1769521 0.03750827 
0.03966502 0.03723707 0.2474484 0.06820509 0.1700484 0.0380048 
0.034772 0.03417258 0.2551992 0.05364518 0.1823433 0.03533683 
0.04017928 0.03889551 0.2179885 0.05413745 0.1924874 0.03196039 
0.03929833 0.03749785 0.2401696 0.04837316 0.1860792 0.04077403 
0.04114585 0.04009797 0.26013 0.04583288 0.1580423 0.03482489 
0.03853548 0.03698986 0.2393323 0.0658228 0.1750223 0.03780561 
0.04231507 0.04169348 0.2454153 0.0499849 0.169276 0.03318381 
0.03875488 0.03714337 0.2317621 0.04008077 0.1649471 0.03784366 
0.04523334 0.04402136 0.03633142 0.05033125 0.157862 0.03755137 
0.0372014 0.03514662 0.1909456 0.04891714 0.1705469 0.03444121 
0.0338749 0.03257995 0.2607389 0.06080472 0.1562313 0.03252086 
0.03875047 0.03712566 0.2618772 0.05511518 0.1719723 0.03977573 
0.03631535 0.03544765 0.2578366 0.06225749 0.1596978 0.03673575 
0.04111006 0.03903555 0.2551958 0.04682483 0.1609912 0.03874686 
0.04355031 0.04272916 0.2188622 0.04853598 0.1804178 0.03397523 
0.03708501 0.03641327 0.2571974 0.04457401 0.1752604 0.03585497 
0.04113348 0.04019787 0.1410005 0.0576435 0.1937398 0.04271862 
0.03560775 0.03492735 0.2471693 0.0570676 0.1757679 0.03934624 
0.04001217 0.03865453 0.2709272 0.06938173 0.1699837 0.04310582 
0.03816858 0.0368765 0.2365793 0.042112 0.1674698 0.04234229 
0.03999084 0.03847525 0.2579038 0.05221821 0.1736287 0.03589178 
0.03717209 0.03642708 0.2571647 0.04944583 0.1652669 0.03332217 
0.03593371 0.03405847 0.2604871 0.05032601 0.1644187 0.03484521 
0.04120768 0.04032164 0.2458931 0.0459985 0.1746241 0.0392721 
0.1022399 0.09254904 0.0995452 0.04604982 0.1819915 0.03607536 
0.03810865 0.03705686 0.2532807 0.04718365 0.1682085 0.03406807 
0.03847168 0.03625796 0.2411087 0.05364816 0.179989 0.03647284 
0.03795745 0.03626449 0.2491485 0.05980398 0.1785568 0.03624129 
0.03402773 0.03291015 0.2237962 0.05647236 0.1829968 0.03370947 
0.0370852 0.03513847 0.2159387 0.0604041 0.1802813 0.03475479 
0.03636412 0.03607066 0.2146097 0.05332318 0.1844092 0.03650066 
0.03802421 0.03707574 0.2528177 0.05440816 0.1749279 0.03665506 
0.04373744 0.04205434 0.2232991 0.04039346 0.1901277 0.03313399 
0.03474881 0.03419487 0.2344658 0.04676651 0.1861466 0.03358677 
0.03709693 0.03518007 0.2412542 0.0597319 0.1689856 0.03481672 
0.03405835 0.03296971 0.244268 0.05623266 0.1817897 0.03603065 
0.03370922 0.03214539 0.209383 0.05434768 0.1869885 0.03544975 
0.03896819 0.03804779 0.2255554 0.05865548 0.1771863 0.03443576 
0.03832552 0.03756622 0.2530505 0.03689871 0.1726686 0.03214156 
0.03907607 0.03650235 0.2296205 0.04458978 0.1546251 0.03386826 
0.03276717 0.03214913 0.2521264 0.03669861 0.1768283 0.03412608 
0.03946093 0.03776438 0.2280447 0.0472471 0.170333 0.03174315 
0.04109979 0.03980664 0.2179274 0.06621425 0.1916111 0.04004404 
0.03699506 0.03553028 0.2536968 0.05106275 0.1677608 0.03254634 
0.03729647 0.03554761 0.2224166 0.04460697 0.1825499 0.03712457 
0.0360385 0.03558247 0.2615003 0.04964485 0.1571515 0.0330338 
0.03655962 0.03483452 0.2261865 0.05738277 0.1801592 0.03656428 
0.0362494 0.03522714 0.2404426 0.05083756 0.1806151 0.03515371 
0.03480658 0.0333369 0.2557828 0.05585866 0.1729802 0.03690636 
0.04004176 0.03913688 0.2349031 0.05399524 0.1875773 0.03200639 
0.0376324 0.03616621 0.235088 0.04657771 0.186683 0.03082395 
0.0962403 0.09173695 0.0939557 0.05374279 0.1553569 0.03835771 
0.03729467 0.03642737 0.2468816 0.04799084 0.1864324 0.03722793 
0.04297658 0.04180461 0.2371791 0.05571452 0.1557952 0.03686804 
0.04288142 0.04127089 0.2515997 0.05928478 0.1763169 0.03824834 
0.09857541 0.09545116 0.09588956 0.04481717 0.1708057 0.03416197 
0.03542612 0.03426491 0.2368585 0.04001294 0.1747147 0.03584929 
0.09608893 0.09338556 0.0933552 0.03679889 0.1505369 0.03421709 
0.04544972 0.04442057 0.2557414 0.0643675 0.1701913 0.0398287 
0.0379886 0.03727598 0.2613973 0.0682048 0.1599239 0.03907407 
0.03790267 0.03675027 0.2487367 0.0534301 0.179201 0.03539828 
0.0408125 0.03929331 0.2508747 0.06568365 0.1824086 0.04000981 
0.03852957 0.03742149 0.2553878 0.05265386 0.1764532 0.03760671 
0.03654873 0.03506591 0.260741 0.04635353 0.1786672 0.03263321 
0.04394429 0.04252929 0.2632863 0.04569217 0.1624615 0.03886769 
0.03999448 0.03886595 0.2540066 0.05630041 0.163821 0.03702364 
0.1010904 0.09797114 0.09855174 0.05367889 0.1562306 0.03426422 
0.03719129 0.03541068 0.1160145 0.05254678 0.1486279 0.03490522 
0.03632047 0.0348377 0.2447118 0.05359738 0.1812649 0.03196125 
0.03900599 0.03776226 0.257393 0.06713408 0.1684752 0.03186333 
0.03947891 0.03818796 0.2512819 0.05187963 0.1795318 0.03190181 
0.03762506 0.03499573 0.2096392 0.05709557 0.1928969 0.03794347 
0.04200994 0.04143599 0.2567666 0.05105738 0.1774235 0.0352456 
0.03437717 0.03325602 0.254535 0.0433436 0.1636915 0.02906706 
0.03812651 0.03638118 0.2438384 0.04826229 0.1826301 0.03608574 
0.04425737 0.04263319 0.2457215 0.0659179 0.1839161 0.03442216 
0.03865007 0.03687284 0.2322917 0.0399387 0.1873436 0.03238122 
0.0403669 0.03973911 0.2214806 0.05071417 0.1739202 0.03419539 
0.03900381 0.03772551 0.2164146 0.0481409 0.1966901 0.0364674 
0.03844805 0.03754233 0.2576281 0.04543324 0.1685639 0.03312213 
0.03877055 0.03821814 0.2255231 0.05115437 0.1926429 0.03477409 
0.04606499 0.04355923 0.2327958 0.06508407 0.180086 0.03702227 
0.0972929 0.09471015 0.09651479 0.05368885 0.1535024 0.03693713 
0.03575529 0.03405967 0.2552886 0.05769831 0.1553247 0.03742965 
0.03888463 0.03659049 0.2298305 0.04954386 0.148364 0.03076292 
0.03837569 0.03707529 0.2660322 0.06541714 0.1710902 0.0411287 
0.03953077 0.03803198 0.2354007 0.05802183 0.1738214 0.03777418 
0.03843814 0.03727745 0.2295669 0.0416556 0.1761199 0.03172178 
0.03776513 0.03679719 0.2539449 0.05260016 0.1592175 0.0383177 
0.04609741 0.04501669 0.235955 0.05176226 0.1883223 0.03729238 
0.03751377 0.03658801 0.2552767 0.05138844 0.1771214 0.03397478 
0.04387023 0.04280163 0.2616215 0.06677522 0.1764476 0.03860516 
0.03910555 0.03770185 0.2606238 0.0643912 0.180997 0.0377147 
0.03874716 0.03635112 0.2334392 0.04136743 0.1845986 0.03398614 
0.03762151 0.03641702 0.2382329 0.04492864 0.1640104 0.03296623 
0.03564124 0.03459032 0.2596437 0.04443098 0.1764183 0.03071213 
0.03918801 0.03708071 0.2656437 0.05889142 0.1782924 0.04233535 
0.03916263 0.03719768 0.2474398 0.05252026 0.1854443 0.03829971 
0.03898939 0.03794749 0.233044 0.05670359 0.1795764 0.03535678 
0.03983774 0.03777873 0.1840249 0.05211293 0.1823724 0.02894437 
0.03609182 0.03436913 0.2482766 0.04882012 0.1737768 0.03278642 
0.0363108 0.03577756 0.2556182 0.03933278 0.1776063 0.03228347 
0.03786426 0.03509152 0.217693 0.04613501 0.2112437 0.04013218 
0.04602059 0.0458026 0.04153915 0.06064693 0.151703 0.0386831 
0.04078056 0.03947075 0.2336186 0.04138984 0.1794657 0.03126575 
0.0343891 0.0333789 0.2422125 0.05543556 0.1850164 0.03368385 
0.04662134 0.0448235 0.2307111 0.04781135 0.1797518 0.03894962 
0.036402 0.03521654 0.2595218 0.05427719 0.1723931 0.03378435 
0.04286029 0.04173889 0.2342715 0.05401204 0.1864153 0.03590004 
0.03676226 0.03601136 0.257158 0.06185337 0.1820239 0.03832808 
0.03589252 0.03504172 0.2375838 0.0424252 0.1821415 0.03486055 
0.03584678 0.03427702 0.2505037 0.05537485 0.1624863 0.03415135 
0.03865517 0.03724782 0.2340595 0.04776667 0.1871573 0.03684638 
0.03983566 0.03865976 0.2312198 0.04763512 0.1826646 0.03147744 
0.03910735 0.03839639 0.2213339 0.05648411 0.1845906 0.03703704 
0.03800417 0.03686675 0.2571866 0.05519208 0.175609 0.03747506 
0.04073926 0.0393146 0.2608547 0.05964875 0.1840177 0.03564756 
0.03776036 0.03656429 0.2488337 0.03815969 0.1761148 0.03497549 
0.03981836 0.03893655 0.2365796 0.06631378 0.1880203 0.03414617 
0.03354465 0.03257678 0.2432493 0.0404895 0.1707942 0.03223614 
0.03719438 0.03501665 0.2271963 0.0547046 0.1809656 0.03303957 
0.08937623 0.08396194 0.08592818 0.04362977 0.1525956 0.03271477 
0.03728148 0.03639074 0.2623082 0.03633005 0.1671414 0.03565132 
0.03441222 0.03363185 0.2531037 0.04147012 0.1723539 0.03109741 
0.0348514 0.03393125 0.2289211 0.04487004 0.1798217 0.03578456 
0.03670913 0.03580571 0.2455448 0.05661781 0.1735173 0.03262862 
0.0375546 0.03612519 0.2404039 0.05140554 0.156877 0.03450694 
0.03860205 0.0380906 0.2466263 0.03910422 0.1746501 0.03357049 
0.04046155 0.0395053 0.2390945 0.0488054 0.1792841 0.03779203 
0.03550123 0.03457797 0.2555483 0.05484049 0.1694439 0.03457262 
0.03555837 0.03443968 0.2486636 0.03715672 0.1692972 0.03549396 
0.04147236 0.03990914 0.2633833 0.0483538 0.1678884 0.03562784 
0.0380691 0.03664765 0.2263268 0.04984951 0.1967609 0.04044074 
0.04279325 0.04178251 0.2570657 0.06004342 0.1692723 0.04139973 
