0.0481789 0.04665693 
0.03771609 0.03499011 
0.03918896 0.03636584 
0.03884039 0.03522981 
0.04406033 0.04247698 
0.04414591 0.04383647 
0.05253924 0.04664177 
0.03626821 0.03573271 
0.03920077 0.03803219 
0.0378172 0.03712195 
0.04107461 0.03926178 
0.05315437 0.05231582 
0.04427822 0.04027735 
0.04243171 0.04022527 
0.04639878 0.04340892 
0.05012881 0.04878157 
0.04426742 0.04201909 
0.04112963 0.04080155 
0.05544581 0.05349569 
0.04232496 0.04054291 
0.03965675 0.03709588 
0.05697679 0.05705224 
0.04231239 0.04112535 
0.03415075 0.03267955 
0.04669765 0.0432699 
0.04323191 0.04202852 
0.04871992 0.04722541 
0.04897769 0.04609108 
0.05491488 0.05342968 
0.0427299 0.04066412 
0.04530501 0.04320532 
0.03959516 0.03733398 
0.03869682 0.03323538 
0.0408092 0.03964704 
0.04844213 0.04710048 
0.04209009 0.03907355 
0.0493558 0.04043316 
0.04681203 0.04435332 
0.03907494 0.03801867 
0.04985301 0.04894222 
0.03568876 0.0332821 
0.04308756 0.0420589 
0.04637189 0.04472142 
0.04267917 0.04205877 
0.04035329 0.03805991 
0.04495154 0.04390183 
0.04580695 0.03203626 
0.04643692 0.04537912 
0.05686729 0.04635939 
0.04593781 0.04381015 
0.03671799 0.03535035 
0.04283801 0.04139317 
0.05489075 0.05325852 
0.04311812 0.04309167 
0.0547843 0.04482615 
0.03995871 0.03754737 
0.03453316 0.03200148 
0.03786721 0.03648427 
0.05012204 0.04831789 
0.04169949 0.04209643 
0.04500763 0.04093029 
0.04109696 0.03989474 
0.03778309 0.03658378 
0.03779508 0.03730023 
0.03905278 0.03834595 
0.04023202 0.03718579 
0.04320353 0.04134592 
0.0506412 0.04807557 
0.04015948 0.03830414 
0.03264159 0.03128976 
0.04233907 0.03928855 
0.04630223 0.04463962 
0.05175283 0.04548617 
0.03626972 0.0345309 
0.041003 0.03999701 
0.04371196 0.04329618 
0.0389601 0.03785854 
0.04229099 0.03832992 
0.04028563 0.03775498 
0.04254679 0.03759484 
0.03682938 0.03293687 
0.0399347 0.03881623 
0.03946778 0.03682128 
0.05012471 0.04913593 
0.04482539 0.04338103 
0.03878589 0.0350551 
0.03968261 0.03857394 
0.04408261 0.04279268 
0.03944299 0.03748274 
0.04715501 0.04564636 
0.05029593 0.04915425 
0.04543044 0.04312904 
0.05323642 0.05092429 
0.03888778 0.03673453 
0.04106773 0.03958855 
0.0436198 0.04288712 
0.05288559 0.05087041 
0.03749109 0.03696214 
0.03870933 0.03795835 
0.04627629 0.04517408 
