0.04928917 0.04100818 
0.05275781 0.05050604 
0.0534071 0.04502022 
0.05977479 0.05201248 
0.04050687 0.03804634 
0.07256935 0.06391494 
0.04190557 0.03641459 
0.05321884 0.0448925 
0.05139615 0.04975828 
0.05013603 0.0414233 
0.05347771 0.03902667 
0.03885614 0.03417602 
0.04853745 0.04735186 
0.0510108 0.04875369 
0.04147661 0.03901617 
0.0435806 0.04102854 
0.05035287 0.04525969 
0.04639321 0.03783734 
0.04670703 0.04301097 
0.06335714 0.04498812 
0.0453154 0.04426886 
0.04694579 0.0451335 
0.04981745 0.04710322 
0.03625599 0.03484168 
0.05923067 0.05660593 
0.0752597 0.07011988 
0.05465937 0.04539895 
0.05223446 0.04693992 
0.06253403 0.06346851 
0.04569749 0.04074554 
0.04756526 0.04317345 
0.04769252 0.04736924 
0.05726802 0.04361156 
0.05905902 0.03952579 
0.05368495 0.03683511 
0.04880789 0.04724363 
0.04731968 0.04073898 
0.04376673 0.03936794 
0.06046032 0.05813974 
0.05193621 0.04305316 
0.05151112 0.04788721 
0.04162002 0.03781334 
0.05184291 0.04883882 
0.04302037 0.03991126 
0.04036909 0.03683404 
0.06760865 0.04980198 
0.05867406 0.04629279 
0.03981361 0.03595833 
0.04741928 0.04192382 
0.0609964 0.04146348 
0.0471015 0.0397456 
0.04483618 0.04461897 
0.05456271 0.04329136 
0.06031788 0.05096786 
0.06703023 0.05280243 
0.04538766 0.03378335 
0.04775909 0.03882126 
0.06361799 0.05903806 
0.04683425 0.04466125 
0.05401049 0.04414809 
0.04693523 0.04537027 
0.04813243 0.04435693 
0.04189159 0.03877074 
0.05069603 0.04427088 
0.04362448 0.03695453 
0.04821032 0.04515793 
0.04901643 0.04142622 
0.06053818 0.04980332 
0.05433447 0.04750262 
0.03901196 0.03538188 
0.05388555 0.05118789 
0.06665218 0.04888987 
0.05136551 0.04861683 
0.05726535 0.04785762 
0.0509895 0.04400679 
0.07480426 0.06955909 
0.04301964 0.04115413 
0.04468837 0.04136918 
0.04967083 0.04044768 
0.05261699 0.05171238 
0.04978447 0.0407232 
0.03764053 0.0324795 
0.05468489 0.04572405 
0.0357423 0.03183454 
0.0558439 0.0481205 
0.06132107 0.04919375 
0.04367351 0.04022895 
0.05831244 0.05109367 
0.05061853 0.04551246 
0.06835492 0.05475088 
0.04029767 0.03736488 
0.04341309 0.03378036 
0.04784095 0.0426486 
0.05371921 0.04210271 
0.07167392 0.05264957 
0.04681506 0.04656773 
0.05331666 0.04362987 
0.04535302 0.03680957 
0.05160262 0.04600672 
0.0387455 0.03045926 
