0.8414989 1.124682 
0.8374765 1.051484 
0.8435597 1.104819 
0.8319101 1.072068 
0.9323471 1.200968 
0.9284489 1.203737 
0.9468539 1.21466 
0.8138261 1.013889 
0.9692214 1.232113 
0.8179486 1.088657 
0.9884713 1.250362 
0.9078629 1.120759 
0.9002979 1.171394 
0.9187891 1.195401 
0.9495897 1.205621 
0.9870701 1.243871 
0.676286 0.9758537 
0.651108 0.9425702 
0.6108825 0.8926563 
0.6327498 0.9227619 
0.542953 0.7192752 
0.5917978 0.8579123 
0.3353307 0.501152 
0.7632916 1.019372 
0.3365049 0.5602744 
0.5411894 0.7276299 
0.3560598 0.6234295 
0.5439157 0.7992725 
0.6167994 0.8697312 
0.5762422 0.8302701 
0.2948256 0.4969375 
0.5331762 0.7775836 
0.4473834 0.6120534 
0.3843811 0.7076905 
0.4786177 0.7833643 
0.5745258 0.8718696 
0.6392972 0.9534004 
0.5023119 0.7149291 
0.6287949 0.9307299 
0.428962 0.6127226 
0.5913329 0.8714588 
0.6397543 0.9318573 
0.6861389 0.9944005 
0.3587134 0.6429496 
0.5077686 0.7716882 
0.5743244 0.7503731 
0.5346103 1.066053 
0.3184612 0.521539 
0.4750826 0.7731817 
0.663028 1.046314 
0.6665304 1.005933 
0.649755 0.968857 
0.6662314 0.9683347 
0.6231699 0.9348364 
0.6234269 0.8539164 
0.5128903 0.7920048 
0.5177529 0.6939623 
0.6379302 0.9605088 
0.556613 0.8613694 
0.5721257 0.8816953 
0.5971258 0.8792527 
0.6370258 0.8918433 
0.4524963 0.7780237 
0.6258526 0.9821663 
0.4103196 0.7400734 
0.6178062 0.9557419 
0.6820483 1.011043 
0.6669886 1.005522 
0.3708003 0.5665097 
0.6795421 1.000397 
0.6289263 0.9278865 
0.6660266 1.000641 
0.6488581 0.9679863 
0.652519 0.9513993 
0.7545097 1.040055 
0.630414 0.9465044 
0.5851023 0.8961754 
0.5752404 0.7723451 
0.5625122 0.8477983 
0.4172266 0.6268396 
0.6845469 1.011492 
0.3456054 0.6830781 
0.3813159 0.723233 
0.3173554 0.6283946 
0.6821105 1.276834 
0.4277568 0.5782108 
0.8623292 1.16139 
0.6353023 0.9540784 
0.670701 0.9614484 
0.2628613 0.4166422 
0.6219687 1.156403 
0.5493228 1.021192 
0.6152973 1.130612 
0.2063782 0.3354425 
0.3362148 0.6666491 
0.4468622 0.5859265 
0.4149616 0.5600255 
0.2083783 0.3271599 
0.2043226 0.3192389 
0.1939659 0.3046539 
