0.7623041 0.9604628 
0.8126452 1.046683 
0.4245601 0.5752332 
0.6751053 0.8936791 
0.7009292 0.8473289 
0.803184 0.9534628 
0.7524717 0.9785841 
0.7241154 0.9508297 
0.7498372 0.8996518 
0.8295615 1.011271 
0.8213251 1.01157 
0.7242424 0.9578645 
0.798872 1.008569 
0.2594991 0.4031253 
0.5950735 0.8430865 
0.4713397 0.7242916 
0.6150613 0.8552759 
0.5221326 1.050617 
0.4491107 0.7105558 
0.318996 0.5164955 
0.395606 0.6385646 
0.4531407 0.607197 
0.5422082 0.7946012 
0.4810345 0.710772 
0.4306116 0.6589277 
0.3951948 0.615314 
0.288717 0.5415604 
0.259397 0.4903431 
0.4193225 0.7047284 
0.2262053 0.4706259 
0.3137381 0.484622 
0.5278547 0.7496827 
0.5112126 0.7636335 
0.5184033 0.7737415 
0.5831296 0.8359399 
0.4863048 0.7431788 
0.4396307 0.689486 
0.3006473 0.5025158 
0.348841 0.5793335 
0.4176702 0.6447818 
0.4068525 0.604022 
0.2448287 0.397223 
0.2384865 0.4735923 
0.2534435 0.4089255 
0.4708734 0.6266892 
0.4264271 0.6960149 
0.5084958 0.7703931 
0.5158648 0.7682996 
0.4220107 0.6689293 
0.500823 0.7521667 
0.3015134 0.4585905 
0.2518108 0.4627018 
0.306072 0.548619 
0.486865 0.7385874 
0.4194117 0.5740309 
0.3255024 0.5695102 
0.4885404 0.7305427 
0.4036195 0.6583886 
0.3714404 0.6352501 
0.4198635 0.6835504 
0.569525 0.8608425 
0.4750249 0.7404606 
0.6858153 0.9422035 
0.5476441 0.8112435 
0.4228201 0.6823127 
0.2613292 0.5136395 
0.7563021 1.025234 
0.5144997 0.7174542 
0.4647043 0.6977186 
0.8008943 1.072763 
0.5866473 0.8388913 
0.288604 0.4532037 
0.5524421 0.8102198 
0.35746 0.5348036 
0.4685779 0.6413677 
0.3174396 0.4827168 
0.4392025 0.7157021 
0.6521304 0.8975487 
0.2677047 0.4381156 
0.2842021 0.5651026 
0.4072495 0.6716349 
0.4890227 0.6962509 
0.7636697 1.020872 
0.4214809 0.6693766 
0.3139596 0.4878604 
0.5589201 0.7564845 
0.3253119 0.4938741 
0.6398606 0.9121196 
0.4831705 0.7363298 
0.4755387 0.7359462 
0.4253876 0.89235 
0.7026644 0.9315138 
0.4818821 0.7240846 
0.3862724 0.5222876 
0.2645905 0.4115002 
0.2778096 0.4001677 
0.2408333 0.3948188 
0.2350256 0.3593068 
0.3864017 0.5084472 
0.2220695 0.3381333 
