0.7652771 1.046361 
0.8089037 0.9747498 
0.7936273 0.9713943 
0.7963364 1.040734 
0.8122337 1.01866 
0.8427312 1.121578 
0.8160081 1.069692 
0.7952168 0.9581299 
0.7966278 0.9910781 
0.8045914 1.065096 
0.8286126 1.004632 
0.8438759 1.110244 
0.843199 1.043826 
0.6045742 0.8927763 
0.5363457 0.7543046 
0.6133273 1.161337 
0.5879719 0.8489108 
0.5768049 0.7728937 
0.5971727 0.8553038 
0.5287027 0.7074614 
0.5193708 0.6827743 
0.5519562 0.7925503 
0.549103 0.7759917 
0.5052478 0.681947 
0.3116877 0.480448 
0.5027101 0.677912 
0.6295261 0.9218667 
0.3201408 0.5030539 
0.6245103 0.9152818 
0.5488389 0.8144817 
0.5198731 0.7941558 
0.5274975 0.7973464 
0.5075614 0.6795332 
0.5360305 0.7095082 
0.5454507 0.8145769 
0.3196599 0.4923522 
0.4756742 0.7342083 
0.5360889 0.7950184 
0.5174434 0.6923552 
0.5868242 0.8851361 
0.3338845 0.5094788 
0.8283107 1.111053 
0.5406599 0.7771847 
0.4514856 0.6671481 
0.5404215 0.8130038 
0.5222046 0.8034198 
0.4917979 0.7603297 
0.4745882 0.7529902 
0.5953422 0.8830924 
0.3413713 0.6230509 
0.5540586 0.8185911 
0.5629134 0.8226416 
0.5263562 0.8415627 
0.6659045 0.9649744 
0.6376891 0.9475436 
0.6050315 0.9017143 
0.5987041 0.8971074 
0.5642171 0.8023236 
0.4606571 0.7566431 
0.5317781 0.8125613 
0.5911791 0.9006433 
0.5335395 0.8484905 
0.5932159 0.8766704 
0.6079404 0.9098172 
0.6382463 0.9484432 
0.6287122 0.963346 
0.8620176 1.162336 
0.3418798 0.5438304 
0.5706148 0.9410801 
0.599787 1.116901 
0.3453491 0.5439317 
0.3508732 0.8110421 
0.5448821 0.7268243 
0.3351865 0.8348742 
0.5925446 0.7796333 
0.605114 0.8631325 
0.322088 0.6596978 
0.5619388 1.122139 
0.6244497 0.9205542 
0.6030061 1.023017 
0.490267 0.6727037 
0.5848489 0.8644395 
0.3913615 0.5750465 
0.3429594 0.5107245 
0.5120218 0.6789052 
0.297972 0.479877 
0.2773771 0.4215794 
0.3197744 0.4794936 
0.3046782 0.4703538 
0.2704043 0.4084418 
0.2860947 0.4406006 
0.2381546 0.3680899 
0.2699854 0.4134512 
0.2354929 0.3835933 
0.2316117 0.3546369 
0.225801 0.3460076 
0.2009006 0.3105295 
0.2079334 0.3217325 
0.2209604 0.3320861 
0.2095246 0.3230627 
