0.08656084 0.08656084 
0.08252563 0.08252563 
0.08131974 0.08131974 
0.0976634 0.0976634 
0.072748 0.072748 
0.07999422 0.07999422 
0.07847509 0.07847509 
0.08117672 0.08117672 
0.0757469 0.0757469 
0.09007875 0.09007875 
0.08920964 0.08920964 
0.08738809 0.08738809 
0.08411697 0.08411697 
0.08075753 0.08075753 
0.07956762 0.07956762 
0.07827888 0.07827888 
0.08487412 0.08487412 
0.06744705 0.06744705 
0.08919111 0.08919111 
0.08900493 0.08900493 
0.08463396 0.08463396 
0.08292619 0.08292619 
0.0868346 0.0868346 
0.07811094 0.07811094 
0.4366142 0.4366142 
0.08543217 0.08543217 
0.3339603 0.3339603 
0.08364034 0.08364034 
0.08244043 0.08244043 
0.4119536 0.4119536 
0.09108131 0.09108131 
0.08715996 0.08715996 
0.08862845 0.08862845 
0.08525571 0.08525571 
0.08212721 0.08212721 
0.0864888 0.0864888 
0.08533331 0.08533331 
0.08651708 0.08651708 
0.0699773 0.0699773 
0.3301183 0.3301183 
0.08214892 0.08214892 
0.08719659 0.08719659 
0.07519803 0.07519803 
0.08797284 0.08797284 
0.08432241 0.08432241 
0.0593941 0.0593941 
0.08634035 0.08634035 
0.08930336 0.08930336 
0.0830804 0.0830804 
0.475942 0.475942 
0.07725229 0.07725229 
0.08252131 0.08252131 
0.07660501 0.07660501 
0.08215118 0.08215118 
0.0927565 0.0927565 
0.06620338 0.06620338 
0.4964078 0.4964078 
0.08958098 0.08958098 
0.07800156 0.07800156 
0.08786373 0.08786373 
0.09665268 0.09665268 
0.0691767 0.0691767 
0.08195894 0.08195894 
0.07291728 0.07291728 
0.4300918 0.4300918 
0.08671334 0.08671334 
0.08366949 0.08366949 
0.09217964 0.09217964 
0.09840998 0.09840998 
0.08475428 0.08475428 
0.09055122 0.09055122 
0.08183521 0.08183521 
0.08339388 0.08339388 
0.08737626 0.08737626 
0.06755304 0.06755304 
0.07690304 0.07690304 
0.08126542 0.08126542 
0.09086195 0.09086195 
0.08396193 0.08396193 
0.3870861 0.3870861 
0.08500644 0.08500644 
0.08046126 0.08046126 
0.08808906 0.08808906 
0.07435405 0.07435405 
0.05307815 0.05307815 
0.07976689 0.07976689 
0.08784013 0.08784013 
0.07734797 0.07734797 
0.09084981 0.09084981 
0.08571395 0.08571395 
0.07878487 0.07878487 
0.0918767 0.0918767 
0.07447055 0.07447055 
0.08783049 0.08783049 
0.0830869 0.0830869 
0.08546873 0.08546873 
0.06384647 0.06384647 
0.08132681 0.08132681 
0.09651462 0.09651462 
0.42469 0.42469 
