0.04238782 0.04099554 
0.04856967 0.04893837 
0.04704673 0.04616838 
0.05209802 0.05052782 
0.04023894 0.04057767 
0.0527919 0.0519928 
0.03955257 0.03899861 
0.04634698 0.0446766 
0.04791011 0.04855127 
0.04529434 0.04543398 
0.04745388 0.04524475 
0.03480118 0.03383861 
0.04988939 0.05022884 
0.04779683 0.04795802 
0.03694149 0.03660063 
0.04765855 0.04746037 
0.04947765 0.04898623 
0.04652625 0.0457392 
0.04518489 0.04493881 
0.06199089 0.05343914 
0.04756952 0.04761072 
0.04824931 0.04902891 
0.05012907 0.04964955 
0.0357083 0.03603868 
0.05021629 0.04976116 
0.05425782 0.05533799 
0.04674479 0.04530194 
0.04730618 0.04823902 
0.0511582 0.05188172 
0.04625498 0.04565997 
0.04381658 0.04348524 
0.04577705 0.04717181 
0.0491771 0.04633695 
0.04719124 0.0451928 
0.04431425 0.04130426 
0.04715228 0.0476361 
0.04327862 0.04268889 
0.04178904 0.04139281 
0.05350123 0.05318789 
0.04696533 0.04534775 
0.04587873 0.04531165 
0.04610431 0.04578877 
0.04854576 0.04834569 
0.04599494 0.04570589 
0.04138647 0.04096654 
0.04812468 0.04573481 
0.05008085 0.04849122 
0.04264389 0.04216574 
0.04581777 0.04551056 
0.04999891 0.04812749 
0.04240628 0.04218578 
0.04582 0.0465012 
0.05016759 0.04931275 
0.0528036 0.05232791 
0.05646689 0.05550895 
0.04367785 0.04263716 
0.04752783 0.04651123 
0.05072756 0.05007833 
0.04337191 0.0438007 
0.04702394 0.04559433 
0.04505025 0.04527088 
0.04422506 0.04353193 
0.04230715 0.04264921 
0.04590001 0.04435398 
0.04165913 0.04170798 
0.04155867 0.04218904 
0.04359649 0.04307222 
0.0501214 0.04953862 
0.04997074 0.05016641 
0.04128763 0.04171401 
0.04911459 0.0493174 
0.05014798 0.04726369 
0.04429656 0.04389932 
0.04963932 0.04930692 
0.04791448 0.04644124 
0.05688686 0.05573103 
0.046535 0.04757258 
0.04419986 0.04465872 
0.0473578 0.04635215 
0.04813672 0.04962149 
0.04464981 0.04305519 
0.03942218 0.03905482 
0.04990249 0.04823966 
0.04343516 0.0426357 
0.05035608 0.04963344 
0.05094686 0.04925854 
0.04263603 0.04289468 
0.04887516 0.04853486 
0.0431393 0.04271373 
0.05469849 0.05424337 
0.04326622 0.04312472 
0.04113133 0.03993038 
0.04549535 0.04532485 
0.04756143 0.04628176 
0.05591352 0.0522429 
0.04677848 0.04819263 
0.04605174 0.04432548 
0.04586092 0.0453775 
0.04536043 0.04639744 
0.03754678 0.03693514 
