0.03462048 0.03374604 
0.03253637 0.03195995 
0.03288853 0.03286751 
0.03252756 0.03228522 
0.03307449 0.03342907 
0.03342688 0.03230341 
0.03652216 0.03603189 
0.03203393 0.03167296 
0.03214159 0.03070713 
0.03529282 0.03440343 
0.0361935 0.03548945 
0.03486728 0.03443732 
0.0329352 0.03251821 
0.03526417 0.03418966 
0.03225697 0.03339612 
0.03571315 0.03518638 
0.03347268 0.03173349 
0.0310434 0.03126823 
0.03460289 0.03383328 
0.03600424 0.03485191 
0.03336776 0.0329373 
0.03244163 0.03192779 
0.03224284 0.03180919 
0.03182996 0.03181647 
0.03363394 0.0332608 
0.03313526 0.03299602 
0.03567694 0.03534049 
0.032971 0.03223598 
0.03267899 0.03202614 
0.03463313 0.0340418 
0.08338911 0.07967688 
0.03113899 0.03052705 
0.03182882 0.03158917 
0.03284768 0.03214396 
0.03472903 0.03420346 
0.03437684 0.03416589 
0.03288399 0.03221762 
0.03370542 0.03361847 
0.03646933 0.03615244 
0.03111077 0.03113225 
0.03239512 0.03188051 
0.03279644 0.0324679 
0.03934238 0.03875792 
0.03305256 0.03237476 
0.03257929 0.03253805 
0.04101898 0.04049973 
0.03239752 0.03222294 
0.0303034 0.03042548 
0.0344416 0.03381866 
0.03399094 0.03361525 
0.03274036 0.03249466 
0.03268637 0.03133913 
0.03544893 0.0350538 
0.03495317 0.03325181 
0.03744642 0.03709581 
0.03476286 0.03408716 
0.03310471 0.031801 
0.0314639 0.03088256 
0.03243 0.03205692 
0.09038911 0.08798741 
0.03303221 0.03239152 
0.03466791 0.03474634 
0.03237265 0.03199773 
0.03481326 0.03410288 
0.03301104 0.03355409 
0.03393527 0.03342131 
0.03309137 0.03275016 
0.03306261 0.03251032 
0.03518315 0.03501549 
0.03405409 0.03358031 
0.0343989 0.03331185 
0.03596769 0.03528025 
0.0340247 0.03317435 
0.03187414 0.03137021 
0.03321539 0.03244161 
0.03211967 0.03241459 
0.03501404 0.03464095 
0.0342548 0.03357217 
0.031876 0.03094953 
0.03385619 0.03337296 
0.03478575 0.03410207 
0.03061852 0.03054213 
0.03149719 0.03125738 
0.03406737 0.03323333 
0.03548651 0.03472883 
0.03325965 0.03315519 
0.03203645 0.03183718 
0.03242062 0.03201058 
0.03312189 0.03317159 
0.03678076 0.03620018 
0.03268281 0.03189951 
0.03180507 0.0313486 
0.03295153 0.03218836 
0.03668675 0.03603435 
0.03489831 0.03449449 
0.03451825 0.03366118 
0.03475514 0.03449728 
0.03425119 0.03373584 
0.03293993 0.03159154 
0.03271008 0.0324724 
