0.04015417 0.04015417 1 1 1 0.8431117 
0.03885311 0.03885311 1 1 1 0.7838621 
0.0418354 0.0418354 1 1 1 0.8971784 
0.04465206 0.04465206 1 1 1 0.8970879 
0.03675214 0.03675214 1 1 1 0.8980906 
0.04017772 0.04017772 1 1 1 0.7843685 
0.03740308 0.03740308 1 1 1 0.8434419 
0.03525782 0.03525782 1 1 1 0.9003971 
0.03477547 0.03477547 1 1 1 0.9008042 
0.03250358 0.03250358 1 1 1 0.9006561 
0.03603609 0.03603609 1 1 1 0.6534758 
0.0388587 0.0388587 1 1 1 0.7918951 
0.03866277 0.03866277 1 1 1 0.9503789 
0.0367443 0.0367443 1 1 1 0.8982886 
0.04276902 0.04276902 1 1 1 0.8416083 
0.03695776 0.03695776 1 1 1 0.8471052 
0.04058672 0.04058672 1 1 1 0.7832865 
0.03927436 0.03927436 1 1 1 0.8981657 
0.04054759 0.04054759 1 1 1 0.733044 
0.03239048 0.03239048 1 1 1 0.8977886 
0.0439676 0.0439676 1 1 1 0.8959547 
0.03877172 0.03877172 1 1 1 0.9029304 
0.03937285 0.03937285 1 1 1 0.5633459 
0.02685883 0.02685883 1 1 1 0.8479884 
0.03644496 0.03644496 1 1 1 0.8410358 
0.03947063 0.03947063 1 1 1 0.7882108 
0.03876361 0.03876361 1 1 1 0.7120705 
0.03824381 0.03824381 1 1 1 0.8021532 
0.03439199 0.03439199 1 1 1 1.021378 
0.03874907 0.03874907 1 1 1 0.8963111 
0.03756391 0.03756391 1 1 1 0.8994262 
0.03878409 0.03878409 1 1 1 0.9028303 
0.0341727 0.0341727 1 1 1 0.7860771 
0.03806961 0.03806961 1 1 1 0.7183509 
0.04128073 0.04128073 1 1 1 0.8393022 
0.03722006 0.03722006 1 1 1 0.9587464 
0.04098817 0.04098817 1 1 1 0.7885741 
0.03572779 0.03572779 1 1 1 0.9502085 
0.03975012 0.03975012 1 1 1 0.8377977 
0.0400826 0.0400826 1 1 1 0.8982958 
0.04070193 0.04070193 1 1 1 0.8418772 
0.04021256 0.04021256 1 1 1 0.9117061 
0.03802148 0.03802148 1 1 1 0.8523457 
0.04498911 0.04498911 1 1 1 1 
0.04163746 0.04163746 1 1 1 0.7842789 
0.0362652 0.0362652 1 1 1 0.8984324 
0.03766395 0.03766395 1 1 1 0.9027377 
0.03512844 0.03512844 1 1 1 0.7861657 
0.03737646 0.03737646 1 1 1 0.9932426 
0.03933623 0.03933623 1 1 1 0.7853645 
0.04152995 0.04152995 1 1 1 0.899874 
0.03804739 0.03804739 1 1 1 0.7226315 
0.03638024 0.03638024 1 1 1 0.7842108 
0.03922324 0.03922324 1 1 1 0.8436398 
0.03813261 0.03813261 1 1 1 0.7247864 
0.03768193 0.03768193 1 1 1 0.899674 
0.03712465 0.03712465 1 1 1 0.9874807 
0.03933467 0.03933467 1 1 1 0.786671 
0.03901427 0.03901427 1 1 1 1 
0.03745919 0.03745919 1 1 1 0.7309285 
0.0389998 0.0389998 1 1 1 0.8427871 
0.03901414 0.03901414 1 1 1 0.9136339 
0.0311582 0.0311582 1 1 1 0.8464183 
0.04121621 0.04121621 1 1 1 0.7815471 
0.03457538 0.03457538 1 1 1 0.8965165 
0.03419381 0.03419381 1 1 1 0.7868018 
0.04531617 0.04531617 1 1 1 0.8987856 
0.03555746 0.03555746 1 1 1 0.7204047 
0.0368869 0.0368869 1 1 1 0.8461946 
0.03425896 0.03425896 1 1 1 0.7196105 
0.03949181 0.03949181 1 1 1 0.9033859 
0.03676047 0.03676047 1 1 1 0.9504911 
0.04049052 0.04049052 1 1 1 0.6424569 
0.03617081 0.03617081 1 1 1 0.7825917 
0.02866951 0.02866951 1 1 1 0.788032 
0.04315265 0.04315265 1 1 1 0.8976577 
0.03665842 0.03665842 1 1 1 0.8651919 
0.03948473 0.03948473 1 1 1 0.9003653 
0.0390168 0.0390168 1 1 1 0.7829168 
0.03500475 0.03500475 1 1 1 0.9028182 
0.03814648 0.03814648 1 1 1 0.8426071 
0.03833079 0.03833079 1 1 1 0.8401084 
0.04035979 0.04035979 1 1 1 1 
0.04392574 0.04392574 1 1 1 0.7849331 
0.04361653 0.04361653 1 1 1 0.7174895 
0.03957548 0.03957548 1 1 1 0.9749152 
0.03887618 0.03887618 1 1 1 0.8426405 
0.039168 0.039168 1 1 1 0.6589244 
0.04018932 0.04018932 1 1 1 0.7874349 
0.03885147 0.03885147 1 1 1 0.9530967 
0.03913717 0.03913717 1 1 1 0.8027237 
0.03707898 0.03707898 1 1 1 0.9304458 
0.04171435 0.04171435 1 1 1 0.9823197 
0.03907036 0.03907036 1 1 1 0.8397346 
0.03780301 0.03780301 1 1 1 0.949815 
0.03833614 0.03833614 1 1 1 0.7835582 
0.03868799 0.03868799 1 1 1 0.7782399 
0.0410736 0.0410736 1 1 1 0.8409872 
0.03975429 0.03975429 1 1 1 0.9046877 
0.03086297 0.03086297 1 1 1 0.6498512 
