0.8669488 1.119832 
0.8435245 1.094848 
1.081908 1.356432 
0.8934577 1.120371 
0.9572554 1.216876 
0.939651 1.117705 
0.9470387 1.211075 
0.8949397 1.154455 
0.8487258 1.11838 
0.9690609 1.19604 
0.9707673 1.222952 
0.8596969 1.13804 
0.7588439 1.035784 
0.8742392 1.127888 
0.9091752 1.170918 
0.936645 1.181213 
0.6354599 0.9158657 
0.6031713 0.873426 
0.6084514 0.8829911 
0.5425675 0.8178701 
0.6332922 0.9197581 
0.5682533 0.8068078 
0.5466676 0.70836 
0.6538494 0.9407387 
0.5644832 0.8486569 
0.6104515 0.8724995 
0.5973597 0.9400647 
0.6036868 0.8650889 
0.4407077 0.761878 
0.577246 1.031698 
0.5484874 0.8154995 
0.3496482 0.6579018 
0.5338397 0.8336782 
0.5504963 0.8469222 
0.6095703 0.903362 
0.6365857 0.9203248 
0.6361589 0.9043465 
0.6051619 0.8696344 
0.6152511 0.8775065 
0.3797112 0.5676973 
0.4912927 0.6620378 
0.5126588 0.7761605 
0.5960133 0.8569434 
0.4346457 0.6028917 
0.5817375 0.8938451 
0.3729064 0.5422089 
0.5765305 0.86585 
0.3950269 0.7063222 
0.4257314 0.7210052 
0.6487138 0.9387925 
0.6270623 0.9371088 
0.6448741 0.9471579 
0.5569549 0.7589386 
0.5169973 0.687803 
0.6038573 0.828356 
0.5844386 0.7574582 
0.5586843 0.8393662 
0.3420048 0.5312309 
0.7175045 0.8870656 
0.4843109 0.6597188 
0.5621073 0.7833574 
0.4996917 0.7767737 
0.4958355 0.7839072 
0.3853951 0.6843393 
0.6708376 0.9926031 
0.5570843 0.8738201 
0.7650347 1.0744 
0.7124074 1.050203 
0.6824791 1.003163 
0.6781292 0.9891984 
0.6361516 0.8547897 
0.6865568 1.048041 
0.556885 0.7483144 
0.6481333 0.9604967 
0.5238822 0.7156 
0.6388204 0.9301958 
0.5364029 0.8426301 
0.3520916 0.5466261 
0.7437665 1.032904 
0.5008686 0.6957541 
0.8433354 1.046875 
0.5596194 0.8633666 
0.9691939 1.28233 
0.7422066 1.03894 
0.4515989 0.7625892 
0.3702364 0.6623785 
0.3601665 0.6877406 
0.6263478 0.9019637 
0.3388414 0.5114548 
0.3045688 0.443414 
0.4511724 0.6090605 
0.3931463 0.5566175 
0.3131752 0.4730124 
0.2206519 0.3402781 
0.5336037 0.6932437 
0.2356555 0.3545396 
0.2748444 0.4077394 
0.2382145 0.355299 
0.2105432 0.3282754 
0.2144597 0.337769 
