1.00043 1.243675 
0.6652973 0.889658 
0.6630545 0.8981159 
0.442848 0.6744337 
0.7234817 0.9568524 
0.6813858 0.8870895 
0.6834068 0.8947704 
0.6791408 0.9037337 
0.7506876 0.9591041 
0.6726766 0.8934431 
0.6736398 0.8954034 
0.6715264 0.8846378 
0.6622202 0.8909581 
0.7542899 0.9700258 
0.248529 0.4397082 
0.4326208 0.6970551 
0.4728963 0.7458019 
0.4568896 0.6980693 
0.4855092 0.7326684 
0.4207699 0.6523204 
0.4423437 0.6678982 
0.4421253 0.6334836 
0.335408 0.4790421 
0.409795 0.6338146 
0.4151158 0.6500947 
0.248033 0.4020457 
0.4060783 0.5635026 
0.4522016 0.6361439 
0.3384495 0.6050944 
0.4045765 0.6403301 
0.4824791 0.7271633 
0.4764078 0.7270415 
0.446228 0.6862533 
0.441185 0.6786251 
0.4564648 0.6947622 
0.3069293 0.458591 
0.4294689 0.658112 
0.2999649 0.4538853 
0.3184409 0.4651582 
0.6666677 0.9220271 
0.413306 0.6471529 
0.4124076 0.5828772 
0.4555891 0.7062864 
0.4105804 0.5670023 
0.7141364 0.969358 
0.6930835 0.9433393 
0.7325244 0.9697099 
0.4344628 0.6786053 
0.6617005 0.9064565 
0.2702398 0.5401571 
0.4184577 0.5764444 
0.652642 0.8968003 
0.2534719 0.4036574 
0.6393492 0.8783262 
0.2420168 0.5201449 
0.2614582 0.4287059 
0.3375502 0.5993037 
0.4365985 0.582576 
0.4746275 0.7468519 
0.2954178 0.4688065 
0.4464407 0.7321017 
0.4021261 0.7084775 
0.4361413 0.6996949 
0.4749689 0.756695 
0.4742253 0.7252169 
0.280899 0.4901955 
0.4407475 0.7312698 
0.4496262 0.6596336 
0.3564441 0.5179431 
0.4845276 0.9497237 
0.4503419 0.7085032 
0.4643483 0.7370882 
0.3056145 0.5069072 
0.4538541 0.7112393 
0.4312897 0.7135 
0.4400935 0.7092609 
0.3210669 0.4847782 
0.3377657 0.5040295 
0.4477563 0.8821778 
0.4193435 0.5890262 
0.3679552 0.5342376 
0.2686911 0.4334326 
0.4197297 0.6039395 
0.265502 0.5269523 
0.2535284 0.4161725 
0.4254196 0.6781139 
0.4214268 0.677304 
0.4557788 0.7126727 
0.2683704 0.4272573 
0.4592347 0.7147954 
0.2959833 0.4484718 
0.2884305 0.456331 
0.2465427 0.3978264 
0.232353 0.3870292 
0.3988261 0.5467217 
0.2299223 0.3619959 
0.1949539 0.320338 
0.2034109 0.3241076 
0.1908071 0.3093977 
0.2770526 0.3727679 
