0.06778697 0.06778697 1 1 1 0.8074488 
0.07454278 0.07454278 1 1 1 0.9551064 
0.07237789 0.07237789 1 1 1 0.9209276 
0.07368517 0.07368517 1 1 1 0.9633962 
0.07466169 0.07466169 1 1 1 0.9159911 
0.06982514 0.06982514 1 1 1 0.9610947 
0.05612214 0.05612214 1 1 1 0.9583484 
0.06902895 0.06902895 1 1 1 0.9901682 
0.0692856 0.0692856 1 1 1 0.8037777 
0.07181805 0.07181805 1 1 1 0.8510864 
0.0825575 0.0825575 1 1 1 0.955814 
0.07310071 0.07310071 1 1 1 0.8596167 
0.06959465 0.06959465 1 1 1 0.8437845 
0.06968099 0.06968099 1 1 1 0.9043169 
0.06898427 0.06898427 1 1 1 0.8591125 
0.07319064 0.07319064 1 1 1 0.9512316 
0.07580837 0.07580837 1 1 1 0.954279 
0.06882608 0.06882608 1 1 1 1.000431 
0.07555534 0.07555534 1 1 1 1 
0.067584 0.067584 1 1 1 0.9549809 
0.07741512 0.07741512 1 1 1 0.9027787 
0.07048451 0.07048451 1 1 1 0.9072464 
0.07381063 0.07381063 1 1 1 0.9530489 
0.06985203 0.06985203 1 1 1 1.049673 
0.06270689 0.06270689 1 1 1 0.9521005 
0.07458727 0.07458727 1 1 1 0.860495 
0.06297389 0.06297389 1 1 1 0.7905138 
0.06890463 0.06890463 1 1 1 0.9524829 
0.08466763 0.08466763 1 1 1 0.9069507 
0.07489799 0.07489799 1 1 1 0.8466323 
0.07757748 0.07757748 1 1 1 0.9070591 
0.1477737 0.1477737 1 1 1 0.9638972 
0.07322872 0.07322872 1 1 1 0.9354659 
0.06391218 0.06391218 1 1 1 0.9239016 
0.07275303 0.07275303 1 1 1 0.8864111 
0.07608634 0.07608634 1 1 1 0.9127701 
0.08123361 0.08123361 1 1 1 0.9916968 
0.08174726 0.08174726 1 1 1 0.8502718 
0.07210343 0.07210343 1 1 1 0.9553722 
0.07918728 0.07918728 1 1 1 0.9171334 
0.07807856 0.07807856 1 1 1 0.8503932 
0.04896861 0.04896861 1 1 1 0.8584719 
0.07258523 0.07258523 1 1 1 0.9099835 
0.06938938 0.06938938 1 1 1 0.963808 
0.07320715 0.07320715 1 1 1 1.020453 
0.07894749 0.07894749 1 1 1 0.9223524 
0.07520159 0.07520159 1 1 1 0.9361936 
0.05324742 0.05324742 1 1 1 0.8108464 
0.07437008 0.07437008 1 1 1 0.9141548 
0.0773522 0.0773522 1 1 1 0.8163512 
0.07261255 0.07261255 1 1 1 0.8985936 
0.06721891 0.06721891 1 1 1 1.004353 
0.07598119 0.07598119 1 1 1 0.9199851 
0.06375532 0.06375532 1 1 1 0.9118436 
0.07258402 0.07258402 1 1 1 1 
0.07488134 0.07488134 1 1 1 1.076509 
0.07586633 0.07586633 1 1 1 0.7855147 
0.07385277 0.07385277 1 1 1 0.9595043 
0.08256242 0.08256242 1 1 1 0.9754912 
0.07389476 0.07389476 1 1 1 0.8628271 
0.08174916 0.08174916 1 1 1 1 
0.07582328 0.07582328 1 1 1 1.053102 
0.07811872 0.07811872 1 1 1 0.9548115 
0.07897563 0.07897563 1 1 1 0.9008749 
0.07300039 0.07300039 1 1 1 0.9565698 
0.07762154 0.07762154 1 1 1 0.7958553 
0.08313628 0.08313628 1 1 1 0.9212783 
0.08708327 0.08708327 1 1 1 0.903884 
0.07116754 0.07116754 1 1 1 0.8608566 
0.06773887 0.06773887 1 1 1 0.9122264 
0.07258043 0.07258043 1 1 1 0.9583975 
0.05589183 0.05589183 1 1 1 0.8630981 
0.08199375 0.08199375 1 1 1 1.040995 
0.08270268 0.08270268 1 1 1 0.8494884 
0.06915544 0.06915544 1 1 1 0.8679094 
0.05957918 0.05957918 1 1 1 0.9167812 
0.07275788 0.07275788 1 1 1 0.8606245 
0.06124023 0.06124023 1 1 1 0.9580892 
0.07678982 0.07678982 1 1 1 0.9360259 
0.07885324 0.07885324 1 1 1 0.8489942 
0.06946203 0.06946203 1 1 1 0.9576308 
0.08561339 0.08561339 1 1 1 0.9613218 
0.07537529 0.07537529 1 1 1 0.9551524 
0.0741793 0.0741793 1 1 1 0.9704735 
0.0803725 0.0803725 1 1 1 0.9040433 
0.06909248 0.06909248 1 1 1 0.9615322 
0.07881834 0.07881834 1 1 1 0.9986467 
0.08057392 0.08057392 1 1 1 1 
0.07541699 0.07541699 1 1 1 0.9061277 
0.07602965 0.07602965 1 1 1 0.8998582 
0.06869593 0.06869593 1 1 1 0.9540934 
0.07748187 0.07748187 1 1 1 0.9612692 
0.07002317 0.07002317 1 1 1 0.9027151 
0.05369972 0.05369972 1 1 1 0.7460252 
0.0744188 0.0744188 1 1 1 1 
0.1019237 0.1019237 1 1 1 0.9502227 
0.0682929 0.0682929 1 1 1 0.9500637 
0.06689285 0.06689285 1 1 1 0.933015 
0.2421334 0.2421334 1 1 1 0.9577687 
0.04708516 0.04708516 1 1 1 0.9079738 
0.07015231 0.07015231 1 1 1 0.8080217 
0.08299283 0.08299283 1 1 1 0.9027318 
0.0777658 0.0777658 1 1 1 0.9066522 
0.07399688 0.07399688 1 1 1 0.9002961 
0.06820612 0.06820612 1 1 1 0.9822884 
0.07781178 0.07781178 1 1 1 1.027671 
0.07152359 0.07152359 1 1 1 1.001565 
0.07506626 0.07506626 1 1 1 1 
0.04507357 0.04507357 1 1 1 1 
0.07020877 0.07020877 1 1 1 0.9452881 
0.07702512 0.07702512 1 1 1 0.8557005 
0.07135053 0.07135053 1 1 1 0.848816 
0.07984817 0.07984817 1 1 1 0.9138887 
0.07719103 0.07719103 1 1 1 0.9169664 
0.07397418 0.07397418 1 1 1 0.9122294 
0.06995451 0.06995451 1 1 1 0.9019414 
0.06900917 0.06900917 1 1 1 0.9089258 
0.07703734 0.07703734 1 1 1 0.9553572 
0.08040381 0.08040381 1 1 1 0.9956923 
0.0781701 0.0781701 1 1 1 0.9596997 
0.07517463 0.07517463 1 1 1 0.8707479 
0.0785008 0.0785008 1 1 1 0.9505555 
0.07696164 0.07696164 1 1 1 0.8750276 
0.08153924 0.08153924 1 1 1 1.05391 
0.07579211 0.07579211 1 1 1 0.7960315 
0.07590448 0.07590448 1 1 1 0.7308028 
0.08442314 0.08442314 1 1 1 0.8577026 
0.07232285 0.07232285 1 1 1 0.848156 
0.07187555 0.07187555 1 1 1 0.8456063 
0.07636781 0.07636781 1 1 1 0.9698817 
0.05970003 0.05970003 1 1 1 0.7386234 
0.07625052 0.07625052 1 1 1 0.9641704 
0.07287306 0.07287306 1 1 1 0.7914613 
0.07685721 0.07685721 1 1 1 0.950851 
0.0731818 0.0731818 1 1 1 0.9515273 
0.07689561 0.07689561 1 1 1 0.7442025 
0.07416025 0.07416025 1 1 1 0.8469408 
0.07026412 0.07026412 1 1 1 0.818032 
0.07937464 0.07937464 1 1 1 0.8472344 
0.07495359 0.07495359 1 1 1 0.8986759 
0.07415908 0.07415908 1 1 1 0.8988328 
0.07617645 0.07617645 1 1 1 0.7982664 
0.2763598 0.2763598 1 1 1 0.9532591 
0.07547049 0.07547049 1 1 1 0.9526176 
0.08239036 0.08239036 1 1 1 0.9031875 
0.2793291 0.2793291 1 1 1 0.7599271 
0.07159947 0.07159947 1 1 1 0.951844 
0.07545948 0.07545948 1 1 1 0.9609228 
0.06800916 0.06800916 1 1 1 0.8485081 
0.07149356 0.07149356 1 1 1 0.8433005 
0.07443761 0.07443761 1 1 1 0.8519035 
0.07153505 0.07153505 1 1 1 0.8465477 
0.08093565 0.08093565 1 1 1 0.9504409 
0.07089881 0.07089881 1 1 1 0.9557724 
0.06649142 0.06649142 1 1 1 0.9575536 
0.08012442 0.08012442 1 1 1 0.9710204 
0.07866805 0.07866805 1 1 1 0.8612537 
0.075607 0.075607 1 1 1 0.7216146 
0.06564551 0.06564551 1 1 1 0.9020237 
0.08016911 0.08016911 1 1 1 0.852294 
0.08037116 0.08037116 1 1 1 0.9028738 
0.06858132 0.06858132 1 1 1 0.9405408 
0.07771298 0.07771298 1 1 1 0.9597152 
0.09431616 0.09431616 1 1 1 0.8573967 
0.07895393 0.07895393 1 1 1 0.9293297 
0.0647881 0.0647881 1 1 1 0.907306 
0.08033187 0.08033187 1 1 1 0.848444 
0.07987567 0.07987567 1 1 1 0.8506307 
0.07214259 0.07214259 1 1 1 0.9605027 
0.07483981 0.07483981 1 1 1 0.9020015 
0.08050588 0.08050588 1 1 1 0.9086995 
0.0663167 0.0663167 1 1 1 0.9557323 
0.07344406 0.07344406 1 1 1 1.02677 
0.07346691 0.07346691 1 1 1 0.936053 
0.07010251 0.07010251 1 1 1 1.045515 
0.07831705 0.07831705 1 1 1 0.9551489 
0.07944852 0.07944852 1 1 1 0.9624236 
0.06667008 0.06667008 1 1 1 0.8546251 
0.08254159 0.08254159 1 1 1 0.8987708 
0.06952203 0.06952203 1 1 1 0.9079529 
0.0692339 0.0692339 1 1 1 0.8470085 
0.05113571 0.05113571 1 1 1 0.9046993 
0.07843337 0.07843337 1 1 1 0.9519457 
0.34641 0.34641 1 1 1 1.046098 
0.09005977 0.09005977 1 1 1 0.902975 
0.07001888 0.07001888 1 1 1 0.9195386 
0.07572654 0.07572654 1 1 1 0.9563248 
0.06764179 0.06764179 1 1 1 0.9553897 
0.06657881 0.06657881 1 1 1 0.9588044 
0.07758361 0.07758361 1 1 1 0.9101645 
0.07215842 0.07215842 1 1 1 0.8222714 
0.07802663 0.07802663 1 1 1 0.9758466 
0.0713896 0.0713896 1 1 1 0.8480859 
0.07744786 0.07744786 1 1 1 0.9034292 
0.07751656 0.07751656 1 1 1 0.8604532 
0.07294691 0.07294691 1 1 1 0.9080011 
0.07451859 0.07451859 1 1 1 0.9576832 
0.08089287 0.08089287 1 1 1 0.9250397 
0.0706154 0.0706154 1 1 1 0.9004217 
0.07918381 0.07918381 1 1 1 1.001966 
