0.05346949 0.05420371 
0.05282804 0.05258457 
0.04951588 0.05001116 
0.04519754 0.04518831 
0.05392992 0.05247391 
0.04692798 0.04618622 
0.05005415 0.04870263 
0.0431423 0.04384275 
0.05372451 0.05400584 
0.04911183 0.04896297 
0.05897829 0.05965116 
0.04785894 0.04702533 
0.05146528 0.05281242 
0.04715633 0.04712851 
0.04473732 0.04500693 
0.05293101 0.05268347 
0.04446283 0.04393728 
0.04826716 0.0492925 
0.04240452 0.04326472 
0.04999956 0.04901022 
0.04331142 0.04316744 
0.0441842 0.04428608 
0.0389034 0.03810337 
0.04249779 0.04279457 
0.04721397 0.04743888 
0.03737031 0.03666679 
0.05294339 0.05285544 
0.04773191 0.04764696 
0.05085988 0.04973069 
0.05024723 0.05010388 
0.04999805 0.04957059 
0.03975675 0.04057121 
0.04832291 0.04981031 
0.04518105 0.04518176 
0.0364791 0.03548766 
0.0475307 0.04829326 
0.0433722 0.04353294 
0.04475585 0.0443274 
0.04183825 0.04120924 
0.04835216 0.04703056 
0.04829016 0.04790475 
0.04866476 0.0495692 
0.0516389 0.05237656 
0.05265996 0.05058807 
0.05392497 0.05437997 
0.04312331 0.0435287 
0.04932083 0.04855873 
0.04712484 0.04753788 
0.0482084 0.04926632 
0.04055392 0.0409528 
0.04604617 0.04580669 
0.05406825 0.05533185 
0.04746252 0.04804263 
0.04608743 0.0454518 
0.0436084 0.04335769 
0.04779402 0.04772758 
0.04797307 0.04828014 
0.04886286 0.04880792 
0.04649205 0.04830765 
0.04790518 0.04642569 
0.04453425 0.043516 
0.04689568 0.04780449 
0.04751765 0.04937457 
0.05452152 0.05521894 
0.0516819 0.05148373 
0.04566069 0.04616672 
0.04464146 0.04466367 
0.04076912 0.04079946 
0.04469657 0.04444453 
0.04892467 0.04786024 
0.05133058 0.05171073 
0.0471625 0.04753958 
0.05112808 0.05105012 
0.04339088 0.04382794 
0.04541142 0.04649358 
0.05348389 0.05234315 
0.04895627 0.04806033 
0.04857414 0.04848569 
0.04592002 0.04569158 
0.05061541 0.04922085 
0.04442784 0.04456254 
0.0439675 0.04454799 
0.04406737 0.04439915 
0.03990519 0.04026145 
0.0564603 0.04670372 
0.04285757 0.04202604 
0.05460174 0.05436077 
0.04736271 0.0472067 
0.05238408 0.05272544 
0.05518219 0.05259753 
0.04417166 0.04368099 
0.04738891 0.04644909 
0.04503412 0.04484823 
0.05329041 0.05340441 
0.04387861 0.04321529 
0.05154856 0.05354699 
0.04897278 0.04848244 
0.05417783 0.05498454 
0.05194039 0.05212707 
0.04001193 0.0406332 
