0.848217 1.136454 
0.7759836 1.058933 
0.8214018 1.001147 
0.838661 1.103362 
0.7904122 1.06856 
0.8305924 1.017455 
0.8103676 1.053433 
0.8821821 1.155352 
0.8222828 1.007092 
0.9888077 1.25918 
0.8353992 1.125193 
0.8274806 1.046359 
0.8401451 1.104002 
0.9775968 1.224423 
0.9654639 1.219824 
0.9355268 1.19556 
0.620687 0.9033968 
0.6661043 0.9483242 
0.34232 0.6129842 
0.5925336 0.865809 
0.6088316 0.8808813 
0.5333474 0.8075757 
0.5803523 0.8555644 
0.5662737 0.8275249 
0.5950241 0.8564498 
0.5480502 1.072847 
0.3431189 0.6153107 
0.3303246 0.4964797 
0.5468199 0.8210528 
0.5296772 0.6991701 
0.5549433 0.7257469 
0.3489218 0.6682284 
0.628864 0.9233694 
0.3661158 0.568536 
0.3822176 0.6784625 
0.59096 0.8996892 
0.5483243 0.7405407 
0.7043359 1.004734 
0.5588059 0.8314142 
0.5934384 0.770123 
0.5401862 0.8153944 
0.3735061 0.5611277 
0.3054175 0.4856501 
0.329479 0.6032875 
0.5379343 0.8133717 
0.346411 0.6144865 
0.4713242 0.7420318 
0.5199385 0.8258283 
0.3673694 0.5636382 
0.4712913 0.7522113 
0.6544161 0.9704843 
0.4418523 0.6244743 
0.5113025 0.7791209 
0.5281334 0.7294323 
0.5211494 0.7155521 
0.6269307 0.9579549 
0.5112488 0.7027316 
0.4149625 0.6137335 
0.8003235 1.122403 
0.3654664 0.661401 
0.3721206 0.5722766 
0.5073426 0.6966281 
0.6334877 0.9150054 
0.3687401 0.582777 
0.5896757 0.8963778 
0.4088328 0.7400799 
0.5415332 0.7416279 
0.4436533 0.8271797 
0.5875602 0.9113376 
0.3376367 0.6463785 
0.3664689 0.6878819 
0.6454895 0.9848795 
0.3489432 0.5550394 
0.6688361 0.9882259 
0.5746942 0.7894559 
0.6699338 0.9707632 
0.5428705 1.062517 
0.3566675 0.5459666 
0.4304814 0.7176671 
0.5804207 0.8594956 
0.4843633 0.6847634 
0.6085968 0.895184 
0.4289298 0.9121058 
0.5952635 0.8683507 
0.2852309 0.4496298 
0.3522725 0.7893054 
0.8031924 1.121787 
0.275552 0.4301207 
0.2947955 0.5910335 
0.9064734 1.210603 
0.2575133 0.396924 
0.5528595 0.8381946 
0.2650187 0.4062796 
0.4955411 0.7804742 
0.2411892 0.375042 
0.5436199 0.6866121 
0.2902198 0.5775752 
0.24488 0.3509572 
0.3947368 0.6740403 
0.1925704 0.302269 
