0.04089962 0.04048592 
0.0390968 0.038524 
0.0397203 0.03836899 
0.04063975 0.03851092 
0.04182596 0.04212283 
0.03500338 0.0356027 
0.04599617 0.04437139 
0.03567515 0.03484283 
0.04599548 0.04454699 
0.03531475 0.03529077 
0.03442968 0.03405847 
0.03908827 0.03812568 
0.03749658 0.03806792 
0.03794048 0.0379651 
0.03704736 0.03637476 
0.0363673 0.03573969 
0.03783135 0.03659274 
0.03800134 0.03523763 
0.03735059 0.03592476 
0.03762314 0.03719747 
0.03990018 0.03890006 
0.03941728 0.03954324 
0.04178555 0.03968697 
0.04190441 0.04135451 
0.04296453 0.044795 
0.04020288 0.03906025 
0.04077395 0.03883519 
0.04063692 0.04040177 
0.03867445 0.03727167 
0.03730927 0.03695454 
0.04089829 0.03940233 
0.04462868 0.04306969 
0.03752973 0.03644224 
0.03784649 0.03789084 
0.03544839 0.03457911 
0.04020905 0.03984392 
0.0412677 0.03636036 
0.04681617 0.04483025 
0.04685835 0.0455763 
0.03696215 0.03575635 
0.03776874 0.03863408 
0.04185478 0.04102392 
0.04495374 0.04074121 
0.03901247 0.03868787 
0.04360565 0.04350147 
0.04709183 0.04568258 
0.04199234 0.04081419 
0.04364316 0.04307688 
0.04159328 0.04004547 
0.03588485 0.03625861 
0.04059584 0.04070372 
0.04147575 0.03897185 
0.04053057 0.03932143 
0.04019082 0.03757252 
0.0402123 0.03778632 
0.03848609 0.03599055 
0.04337068 0.04241246 
0.04569103 0.0454878 
0.03751177 0.03809887 
0.04860211 0.04681599 
0.04801871 0.04827131 
0.04043074 0.04093308 
0.04351207 0.04302016 
0.04397672 0.04220823 
0.03986148 0.0364609 
0.03900013 0.03817373 
0.03515709 0.03443774 
0.04147814 0.04134618 
0.03617679 0.03453796 
0.05141402 0.04955833 
0.04704915 0.04581437 
0.04131063 0.04016713 
0.04692092 0.0452059 
0.03897221 0.03818339 
0.03778085 0.03756205 
0.03648254 0.03477449 
0.03922411 0.03871155 
0.03793246 0.03646704 
0.0424457 0.04220156 
0.03685452 0.03527937 
0.04094401 0.0396333 
0.03690613 0.0356266 
0.04300564 0.042551 
0.03933903 0.03874104 
0.04088799 0.03936578 
0.03925686 0.03941611 
0.03903212 0.03879777 
0.03680433 0.0356672 
0.04167499 0.04034619 
0.0391443 0.0378145 
0.04503024 0.04481215 
0.03950385 0.03513611 
0.04552572 0.0430571 
0.03931287 0.03885807 
0.04002978 0.03970736 
0.03801962 0.03757777 
0.03721235 0.03559878 
0.04253093 0.04185725 
0.04197897 0.0421756 
0.03722002 0.03700044 
