0.03595656 0.03451731 
0.03504771 0.03421567 
0.03611728 0.03584859 
0.04261523 0.04149745 
0.03389118 0.03304651 
0.03732865 0.03570458 
0.03453226 0.03306955 
0.03655337 0.03675739 
0.03693286 0.03640121 
0.03762931 0.03711328 
0.03756197 0.03673688 
0.03891051 0.03822602 
0.03546094 0.03454358 
0.03583039 0.03491296 
0.03358362 0.03311277 
0.03589759 0.03525702 
0.03523217 0.03463992 
0.03357527 0.03310008 
0.0400718 0.03903828 
0.03788919 0.03677874 
0.03584667 0.03505494 
0.03498527 0.03444615 
0.03506134 0.03439258 
0.03643182 0.03646153 
0.1019411 0.0990615 
0.03505449 0.03415818 
0.08101988 0.0784171 
0.03412402 0.0329149 
0.03594042 0.03511361 
0.09836036 0.09542292 
0.03826926 0.03729716 
0.03694506 0.0361576 
0.03638805 0.03585638 
0.03718746 0.03482258 
0.03802983 0.03760054 
0.03472612 0.03408858 
0.03574882 0.03507222 
0.03650346 0.03597117 
0.0337106 0.03304767 
0.0820715 0.07824989 
0.03519957 0.03455397 
0.03790596 0.03741643 
0.03670049 0.03515459 
0.0376277 0.03731425 
0.03916503 0.0384746 
0.03640111 0.03501536 
0.03622241 0.03513802 
0.03519754 0.03450063 
0.03550312 0.03449078 
0.1109307 0.1076965 
0.03591401 0.03433903 
0.03547767 0.03509756 
0.03413988 0.03341343 
0.03481183 0.03339924 
0.03618725 0.03528111 
0.03569939 0.03457561 
0.1143784 0.1096851 
0.03982097 0.03861077 
0.03566854 0.03439903 
0.03426643 0.03373334 
0.04721624 0.04651245 
0.03826598 0.03749375 
0.03148586 0.03148097 
0.03672151 0.03580788 
0.1012179 0.09887283 
0.03383833 0.03283982 
0.03298509 0.03295816 
0.03885025 0.03848985 
0.04547039 0.04410814 
0.03390791 0.03414148 
0.03401422 0.03368695 
0.03988034 0.03956962 
0.03677256 0.03681463 
0.03638251 0.03542422 
0.03488246 0.03387162 
0.03425096 0.0330355 
0.03824259 0.0380856 
0.04002701 0.0385158 
0.03640239 0.0346314 
0.09289582 0.08767398 
0.03483466 0.03492733 
0.0356017 0.03561953 
0.0387579 0.03762902 
0.0355383 0.03512158 
0.03401953 0.03358091 
0.03524992 0.03428121 
0.03721576 0.03620518 
0.03829954 0.03745348 
0.03681536 0.03552191 
0.03608002 0.035633 
0.036974 0.03649329 
0.03774189 0.03755395 
0.03338973 0.03328652 
0.04001138 0.03939478 
0.03273446 0.03267294 
0.03914287 0.03810653 
0.04229433 0.04187393 
0.0349521 0.03404722 
0.03922976 0.03822252 
0.1008624 0.09619788 
