0.07028092 0.07028092 
0.07627858 0.07627858 
0.07641063 0.07641063 
0.06917331 0.06917331 
0.07377775 0.07377775 
0.07529602 0.07529602 
0.06457544 0.06457544 
0.0716629 0.0716629 
0.1131657 0.1131657 
0.07329775 0.07329775 
0.07178231 0.07178231 
0.07785582 0.07785582 
0.06584961 0.06584961 
0.07026309 0.07026309 
0.06897019 0.06897019 
0.06804209 0.06804209 
0.09993967 0.09993967 
0.07720028 0.07720028 
0.07882 0.07882 
0.08000508 0.08000508 
0.07525985 0.07525985 
0.07443521 0.07443521 
0.07207552 0.07207552 
0.07419046 0.07419046 
0.06698909 0.06698909 
0.07054999 0.07054999 
0.07145972 0.07145972 
0.07795305 0.07795305 
0.07688154 0.07688154 
0.07305863 0.07305863 
0.06755308 0.06755308 
0.06979633 0.06979633 
0.06363741 0.06363741 
0.07997439 0.07997439 
0.06524055 0.06524055 
0.05498289 0.05498289 
0.04413694 0.04413694 
0.07384104 0.07384104 
0.07428746 0.07428746 
0.07434163 0.07434163 
0.06251889 0.06251889 
0.06926559 0.06926559 
0.07351778 0.07351778 
0.08115799 0.08115799 
0.06464286 0.06464286 
0.06422884 0.06422884 
0.06972818 0.06972818 
0.0722958 0.0722958 
0.09355924 0.09355924 
0.07815561 0.07815561 
0.08169787 0.08169787 
0.06571764 0.06571764 
0.08037507 0.08037507 
0.07414733 0.07414733 
0.07637307 0.07637307 
0.06655768 0.06655768 
0.07144121 0.07144121 
0.06854346 0.06854346 
0.07038675 0.07038675 
0.07912699 0.07912699 
0.06256929 0.06256929 
0.08126861 0.08126861 
0.07643563 0.07643563 
0.0719616 0.0719616 
0.07198613 0.07198613 
0.08439754 0.08439754 
0.07069481 0.07069481 
0.07708132 0.07708132 
0.06319367 0.06319367 
0.06657303 0.06657303 
0.07250849 0.07250849 
0.05991622 0.05991622 
0.0711981 0.0711981 
0.06561162 0.06561162 
0.08145785 0.08145785 
0.06916972 0.06916972 
0.06681514 0.06681514 
0.08085377 0.08085377 
0.08032635 0.08032635 
0.0722602 0.0722602 
0.07039255 0.07039255 
0.06753283 0.06753283 
0.06367354 0.06367354 
0.07318468 0.07318468 
0.07819086 0.07819086 
0.06760867 0.06760867 
0.07409692 0.07409692 
0.07278568 0.07278568 
0.0612268 0.0612268 
0.06472534 0.06472534 
0.06333988 0.06333988 
0.06865558 0.06865558 
0.06645789 0.06645789 
0.08181003 0.08181003 
0.07890622 0.07890622 
0.07760998 0.07760998 
0.0771704 0.0771704 
0.06549224 0.06549224 
0.0707048 0.0707048 
0.0712494 0.0712494 
