0.127487 0.03803875 
0.1139623 0.04202072 
0.1201272 0.0425147 
0.1535772 0.04557188 
0.1302155 0.04099176 
0.1257158 0.03920337 
0.1183834 0.03655761 
0.1380152 0.03502266 
0.1446081 0.04429012 
0.1595655 0.0512336 
0.1450834 0.0392053 
0.1215343 0.03781812 
0.1529249 0.05017767 
0.1161662 0.04166973 
0.1323605 0.04226478 
0.1511592 0.04458979 
0.1413671 0.04434488 
0.1834695 0.05453043 
0.1093481 0.0378333 
0.1358326 0.04841549 
0.1205815 0.04143526 
0.1330251 0.04602226 
0.1254741 0.04141964 
0.1338977 0.04112483 
0.1486709 0.05271818 
0.1064296 0.02766344 
0.1128787 0.04774903 
0.1182956 0.04227708 
0.09900369 0.03839252 
0.142166 0.04444649 
0.1173529 0.03837665 
0.1346604 0.04782991 
0.1423857 0.04984008 
0.1233784 0.03682867 
0.1181968 0.04275277 
0.145042 0.04077788 
0.1072095 0.0365732 
0.1655494 0.04685009 
0.1471334 0.04546573 
0.05400362 0.03830231 
0.1367024 0.04306526 
0.1017359 0.03993305 
0.115961 0.04861765 
0.1162742 0.04011147 
0.1405717 0.03806174 
0.08641258 0.05079284 
0.1018172 0.03868689 
0.124514 0.04189368 
0.1359229 0.04484532 
0.1350684 0.04136517 
0.1129271 0.03062743 
0.1315152 0.04462718 
0.09607073 0.0383733 
0.1532505 0.04661252 
0.1378533 0.04151274 
0.1310075 0.04144596 
0.1234428 0.04479521 
0.1229297 0.04763384 
0.1271386 0.0374979 
0.1508686 0.04528086 
0.1387334 0.03645406 
0.1278029 0.03957307 
0.1093148 0.03893481 
0.1135814 0.03534085 
0.04546475 0.03897545 
0.08660123 0.0423936 
0.1226053 0.04292936 
0.1427771 0.04614493 
0.1398223 0.03797907 
0.1327055 0.0542652 
0.1555796 0.04621563 
0.1392969 0.03874253 
0.1186409 0.04057954 
0.1142593 0.04392508 
0.1140344 0.03651942 
0.07766995 0.04067713 
0.09630109 0.04598029 
0.1564412 0.04540776 
0.1162877 0.03547543 
0.1269327 0.04529636 
0.1324525 0.04218036 
0.144607 0.04648188 
0.1429871 0.03623724 
0.1351106 0.053826 
0.1562127 0.04574403 
0.1200745 0.04114097 
0.1197452 0.03819895 
0.128459 0.04393851 
0.1288319 0.05613426 
0.1307471 0.04389178 
0.129158 0.04276367 
0.1307907 0.03748138 
0.1477123 0.04397142 
0.1494008 0.05412391 
0.117791 0.04242149 
0.1373847 0.04073288 
0.1112691 0.04544679 
0.121881 0.04350286 
0.1199683 0.03665247 
0.12923 0.03865297 
