0.7574465 1.024423 
0.8007648 0.9979262 
0.8222198 1.108118 
0.8065982 1.065502 
0.762234 1.034656 
0.7934144 1.090948 
0.7128749 0.9902139 
0.8115299 1.085915 
0.8726177 1.075903 
0.76529 0.9975548 
0.8063121 1.046674 
0.7828598 0.951093 
0.8508792 1.119219 
0.6561129 0.9325662 
0.4789491 0.9704456 
0.6275017 0.8854821 
0.5586877 1.030757 
0.5147614 1.056849 
0.32043 0.5741863 
0.6567852 0.9340179 
0.5950923 1.081222 
0.4678743 0.7541418 
0.4944222 0.9356287 
0.5571997 0.7994003 
0.5205021 0.6813478 
0.5127666 0.6640894 
0.4403768 0.7415028 
0.6733842 1.001463 
0.6294978 0.9576058 
0.715086 1.017516 
0.4231811 0.7247906 
0.5674918 0.8641841 
0.4170511 0.6984701 
0.6628902 0.9575803 
0.5879364 0.8531902 
0.588058 0.8737521 
0.6494117 0.9311073 
0.5995421 0.8796101 
0.5487134 0.811198 
0.3368993 0.522985 
0.685267 0.9724655 
0.6197386 0.9153836 
0.8587718 1.138869 
0.5970862 0.8719904 
0.9599125 1.251646 
0.3421566 0.5261693 
0.4339833 0.7214775 
0.577879 0.8603139 
0.579881 0.8664329 
0.5804107 0.8798943 
0.567425 0.8492103 
0.5466964 0.7719626 
0.4714124 0.7537496 
0.3527579 0.5338526 
0.3151793 0.6826668 
0.3645277 0.6721287 
0.5671201 0.9084518 
0.5985878 0.9173868 
0.3711534 0.6986282 
0.8480492 1.147576 
0.4020462 0.6245837 
0.5843966 0.8032455 
0.5645902 0.8709683 
0.5196011 0.8214672 
0.4922366 0.6940343 
0.7860038 0.9862564 
0.3957043 0.7065105 
0.3570583 0.5658724 
0.4033055 0.743921 
0.5223601 0.8073828 
0.6004944 0.9016182 
0.6105204 1.14838 
0.6114364 0.9117026 
0.3620751 0.8940208 
0.6130919 0.8996818 
0.8320887 1.133238 
0.621985 0.9146681 
0.5878475 0.8933926 
0.5514884 0.8517644 
0.3955867 0.6990232 
0.3600321 0.5486994 
0.503489 0.837775 
0.4909632 0.7769148 
0.6098485 0.8133018 
0.6130607 0.8963263 
0.4775097 0.7536464 
0.6371374 0.8534038 
0.586904 0.8953326 
0.5956318 0.8913634 
0.3173842 0.4840283 
0.3504114 0.5186298 
0.3860281 0.5414863 
0.3107347 0.4665706 
0.2789497 0.4241729 
0.2905743 0.4374652 
0.2565467 0.3908849 
0.2510002 0.3853407 
0.3222897 0.4384925 
0.3985229 0.5145411 
0.2298124 0.3524089 
