1.05206 1.219691 
0.7888408 1.06541 
0.8007219 0.9839761 
0.8516216 1.119854 
0.8486629 1.110556 
0.7901511 1.033704 
0.7765572 1.055663 
0.8369231 1.102746 
0.8437934 1.119145 
0.8355832 1.077863 
0.6240556 0.8120105 
0.8108273 1.061704 
0.7632973 0.9623959 
0.7926688 0.9734466 
0.8064477 1.051438 
0.929492 1.194911 
0.8019464 1.068646 
0.7886443 1.03939 
0.7606771 0.9355247 
0.9322646 1.20085 
0.8248868 1.061657 
0.630827 0.8826241 
0.8307633 1.078185 
0.8641782 1.080338 
0.8490686 1.136266 
0.8428411 1.096656 
0.8929458 1.173802 
0.684763 0.9789207 
0.5468369 0.7312233 
0.5927567 1.115848 
0.8388402 1.113429 
0.8330913 1.107351 
0.7561903 1.028463 
0.5816598 1.172343 
0.8328757 1.100389 
0.7793 0.9307072 
0.7592378 1.026027 
0.6624434 0.9120147 
0.7106154 0.8770709 
0.5272889 0.6928165 
0.6227515 1.182479 
0.7384348 0.9939892 
0.5292389 0.9868605 
0.7948534 0.9637434 
0.719507 0.9891877 
0.5398071 0.7099721 
0.6582274 0.9056256 
0.4973431 0.7404566 
0.6227813 0.8842421 
0.4276991 0.5807416 
0.3993201 0.579915 
0.487108 0.6848164 
0.5500777 0.8021071 
0.7748439 0.9355612 
0.8050628 1.052948 
0.6212878 0.9014146 
0.3658085 0.5665066 
0.5919974 0.8930759 
0.5750265 0.8443043 
0.4742177 0.7706871 
0.4814992 0.7405512 
0.7393975 0.9211819 
0.5203676 0.7889225 
0.4350655 0.6048279 
0.6076736 0.8838587 
0.5308852 0.8039958 
0.3236251 0.5893941 
0.5953319 0.8669746 
0.5914526 0.866811 
0.5700548 0.7179887 
0.353533 0.505173 
0.3120065 0.4674189 
0.3283393 0.5029221 
0.5758533 0.8487899 
0.3177674 0.4861457 
0.483685 0.636076 
0.342397 0.4902658 
0.3068686 0.4809866 
0.8000641 1.061774 
0.4875994 0.6853924 
0.2913458 0.4456806 
0.48262 0.7523539 
0.4408591 0.5946658 
0.2637639 0.4215789 
0.4461579 0.593147 
0.4249852 0.5667768 
0.2849197 0.5057459 
0.408015 0.546128 
0.2816195 0.4360235 
0.2853255 0.4355412 
0.4311023 0.5665641 
0.3697555 0.4847014 
0.4181631 0.5540938 
0.3798237 0.498018 
0.2337778 0.3554437 
0.2401848 0.3628263 
0.3806076 0.5132701 
0.2367282 0.3618467 
0.2474427 0.3802693 
0.3913372 0.5029719 
