2.125169 3.011177 
1.671554 2.701724 
1.136167 1.747861 
2.224492 3.558582 
1.271643 2.15116 
1.597618 2.32408 
2.747688 4.429016 
1.506882 2.238521 
1.694318 2.787767 
2.257328 3.457445 
2.352853 3.486886 
0.8814325 1.322263 
0.7056694 1.020739 
0.8128872 1.168666 
0.8234022 1.209866 
0.8101072 1.251139 
1.089235 2.017899 
0.5655379 0.8451116 
0.6572847 0.9291809 
0.7004251 1.008142 
0.7112131 0.9971857 
0.6341977 0.976469 
1.116832 1.709441 
1.830408 2.615305 
1.098835 1.682072 
1.215324 1.780714 
0.9951441 1.498597 
0.5708263 0.8303988 
0.5284245 0.7693486 
0.5173507 0.7577813 
0.5091293 0.743623 
0.4908097 0.7275944 
0.9839952 1.517298 
0.9933538 1.497504 
0.8955483 1.424853 
1.042152 1.570715 
1.009312 1.518807 
0.5064328 0.7558129 
0.518713 0.7558703 
1.128296 1.714505 
0.551486 0.8068945 
0.5291755 0.781491 
0.5436621 0.7846816 
0.55621 0.8058975 
0.5179212 0.7564719 
0.4703741 0.7093589 
0.5193219 0.7583165 
0.5445013 0.7838528 
0.8825643 1.284666 
0.6368427 0.9271493 
0.588923 0.8754189 
0.6220276 0.9051313 
0.6169481 0.8615253 
0.5121043 0.7649827 
0.4519224 0.6551383 
0.3862088 0.5775263 
0.3837488 0.5887206 
0.4297137 0.6247745 
0.423538 0.6172373 
0.512651 0.7492588 
0.5085793 0.7492673 
0.5415113 0.7986143 
0.549412 0.8008699 
0.5668526 0.8124464 
0.5284691 0.7751117 
0.450511 0.6550663 
0.4392965 0.640326 
0.4344485 0.6385448 
0.4497619 0.6569083 
0.4252458 0.6235981 
0.4627705 0.6758842 
0.5274541 0.7488987 
0.4344437 0.6577387 
0.6185126 0.8814931 
0.3822927 0.5735474 
0.4878523 0.7038448 
0.4178181 0.6064222 
0.4833813 0.7076545 
0.4135201 0.6086359 
0.5191715 0.7300117 
0.447993 0.6583495 
0.4403033 0.6345336 
0.4250772 0.6181996 
0.4284751 0.6170142 
0.4331019 0.6256149 
0.4236362 0.6196868 
0.4439936 0.6430509 
0.4306428 0.619349 
0.4478476 0.6432641 
0.4260764 0.6194987 
0.4100704 0.6090353 
0.4320166 0.633229 
0.4404202 0.6646123 
0.4377205 0.6348219 
0.4147964 0.602937 
0.4106247 0.605737 
0.4185021 0.6083596 
0.4083033 0.602994 
0.4165831 0.6076074 
0.3874941 0.5613253 
