0.04293807 0.04166658 
0.03568969 0.03425258 
0.04574433 0.04462317 
0.04094924 0.03905293 
0.03786137 0.03665885 
0.04126642 0.03829147 
0.04248694 0.03939637 
0.04857581 0.04436282 
0.04081337 0.03928973 
0.05220684 0.05041903 
0.04432811 0.0424085 
0.04599045 0.0437702 
0.04454597 0.0432521 
0.03857957 0.03732635 
0.0491026 0.04596173 
0.04306138 0.03839893 
0.04808312 0.04594943 
0.04743397 0.04445324 
0.05121147 0.04849515 
0.04302892 0.04191572 
0.03902452 0.03682318 
0.03715529 0.03489118 
0.03528241 0.03398568 
0.04327067 0.03661009 
0.05664167 0.04729095 
0.03735067 0.0360434 
0.0513365 0.04776009 
0.04625083 0.04395204 
0.04411248 0.04247545 
0.04537037 0.04364289 
0.04084428 0.0377378 
0.04160616 0.04107913 
0.04640186 0.04274093 
0.0407052 0.0385977 
0.03882615 0.03784522 
0.04509294 0.04222085 
0.04367423 0.04239836 
0.03944251 0.03780212 
0.04171174 0.03960764 
0.04154406 0.03977232 
0.03877381 0.03682886 
0.04205192 0.0386811 
0.0398385 0.03899386 
0.04058893 0.03969762 
0.0372256 0.03573011 
0.04323145 0.03656492 
0.04718024 0.04626628 
0.04745978 0.0464764 
0.0365029 0.03463872 
0.04745078 0.04566901 
0.04714922 0.04438403 
0.05383863 0.05223792 
0.05066541 0.04754682 
0.04348895 0.04222122 
0.03598958 0.03600291 
0.03820346 0.03598911 
0.0428659 0.03833451 
0.04416034 0.04072123 
0.04232458 0.04061371 
0.03538654 0.03385832 
0.04344214 0.04195912 
0.04021124 0.0393684 
0.04249392 0.03976717 
0.05032959 0.04869232 
0.03749222 0.03631916 
0.04399951 0.0431572 
0.04170183 0.04052642 
0.0359793 0.03677566 
0.03672258 0.03455954 
0.05152012 0.04994373 
0.03647452 0.03563271 
0.03693215 0.03592829 
0.04297006 0.04010673 
0.03691149 0.03533656 
0.03620469 0.03558314 
0.04483102 0.03792072 
0.04213874 0.04114141 
0.04061708 0.03768883 
0.04721253 0.044079 
0.04072916 0.03974253 
0.04194226 0.041179 
0.04213334 0.04214344 
0.04596939 0.04555163 
0.04781435 0.04165544 
0.03977903 0.03855458 
0.04840127 0.04692315 
0.04490561 0.04318828 
0.04320799 0.04100003 
0.04358563 0.04028264 
0.04161857 0.03980286 
0.0416789 0.04036722 
0.04184738 0.03903167 
0.04988928 0.05035544 
0.04924186 0.03871437 
0.04993924 0.04809998 
0.04286421 0.04159816 
0.04954961 0.04587248 
0.03488752 0.03338346 
0.04184495 0.03780213 
0.04908983 0.04515432 
