0.9844553 1.261598 
0.8657739 1.143386 
0.706691 0.9836476 
0.8573606 1.040348 
0.8941863 1.155251 
0.8756945 1.12176 
0.9170625 1.157629 
0.7913179 1.047074 
0.8753767 1.118554 
0.9038312 1.164639 
0.8368492 1.08788 
0.9579935 1.216276 
0.9187233 1.105268 
0.9556036 1.216414 
0.9491127 1.208495 
0.9155517 1.164783 
0.7096095 1.003074 
0.9939659 1.292633 
0.6521058 0.9446137 
0.6014152 0.8751743 
0.5444608 0.7175777 
0.527663 0.7865601 
0.9511127 1.24139 
0.3275173 0.5002573 
0.5263538 0.6967289 
0.5617869 0.7519491 
0.5599203 0.7459486 
0.5973425 0.8599615 
0.5665066 0.7233865 
0.5412788 0.7891977 
0.7876608 0.9832268 
0.3578553 0.6178138 
0.4513395 0.7507727 
0.4039819 0.6439109 
0.6140153 0.9197536 
0.6426337 0.9463465 
0.5880346 0.8737679 
0.6593158 0.9479365 
0.586796 0.8481774 
0.4216242 0.7097969 
0.5668197 0.8376634 
0.6075032 0.8922005 
0.542073 0.721571 
0.3506637 0.6448169 
0.5636222 0.8319957 
0.3121421 0.4803004 
0.5465686 0.8017926 
0.4568238 0.7086551 
0.6265299 0.9195127 
0.5354958 0.8338912 
0.488354 0.7906849 
0.6029871 0.8821628 
0.5892699 0.8976507 
0.6252916 0.9103348 
0.5015461 0.7719991 
0.4142032 0.6791718 
0.3228328 0.5901434 
0.5608339 0.8344171 
0.3230758 0.5012679 
0.5530605 0.820688 
0.5708945 0.8435624 
0.5591459 0.8369346 
0.5505161 0.8425179 
0.548526 0.838547 
0.5470419 0.8776202 
0.5180287 0.8519864 
0.4795556 0.8161719 
0.6360235 0.9511747 
0.6505964 1.018979 
0.6571312 0.947247 
0.3649297 0.6292944 
0.5650327 0.8743999 
0.6533203 0.8907123 
0.6014113 0.983983 
0.5552168 0.7515514 
0.4612455 0.7733057 
0.4129226 0.7206349 
0.8269076 1.107373 
0.4001374 0.7017713 
0.4775119 0.7075505 
0.6985343 1.001284 
0.6306951 1.143676 
0.6742928 0.8797367 
0.8813319 1.201572 
0.3640046 0.5490937 
0.5403528 0.7312973 
0.8421443 1.1412 
0.549469 0.720331 
0.6729457 0.8080671 
0.5688901 0.7593338 
0.322974 0.6301103 
0.3417313 0.64241 
0.3269672 0.496088 
0.3122704 0.6201544 
0.4412816 0.5878143 
0.3602233 0.4882588 
0.2101538 0.3265362 
0.2122827 0.3291607 
0.2296197 0.3409383 
0.3030252 0.4106865 
