0.895191 1.091878 
0.9007361 1.184847 
0.9005597 1.177173 
0.8673937 1.174575 
0.9477077 1.244936 
0.8482163 1.13382 
0.8854544 1.171189 
0.8760383 1.188634 
0.8277302 1.124994 
0.9423018 1.234895 
0.8937531 1.1669 
0.8810036 1.143774 
0.9527383 1.242687 
0.8766253 1.153982 
0.9525568 1.259721 
0.9289341 1.192883 
0.8769884 1.165282 
1.015831 1.319339 
0.8694992 1.120902 
0.9914272 1.279719 
0.6178668 1.147255 
0.6600573 1.220564 
0.3445036 0.6349192 
0.9532442 1.274019 
0.3724167 0.5708582 
0.8715415 1.151081 
0.8364217 1.128726 
0.5527213 0.8362622 
0.3865695 0.9033058 
0.5397291 0.7132518 
0.5555742 0.7307844 
0.6370115 0.8275177 
0.59005 0.8905554 
0.5637116 1.0314 
0.6425083 0.9416811 
0.4890287 0.9849992 
0.3245614 0.4983103 
0.4903595 0.9226794 
0.7459967 0.9284751 
0.6414382 0.9738512 
0.5839911 0.9387221 
0.4314702 0.6642954 
0.5499542 0.7457166 
0.5524473 0.7351308 
0.5296378 0.7063737 
0.5346754 0.8080139 
0.5748425 0.8609908 
0.5709221 0.8463643 
0.6796722 0.9850721 
0.6457188 0.9472382 
0.5239911 0.6987345 
0.6302204 0.9246604 
0.5784874 0.8595521 
0.4052916 0.589469 
0.6717978 0.972132 
0.4150229 0.59846 
0.4952409 0.7102001 
0.5366592 0.836529 
0.6549726 0.9672601 
0.5718296 0.8998237 
0.5514619 0.7442889 
0.3540897 0.6702538 
0.6413369 0.9762836 
0.5669403 0.856143 
0.3758018 0.6869097 
0.3964245 0.57363960.5487871  
0.873255 
0.5618024 0.8815064 
0.6643634 1.002454 
0.4828537 0.6590686 
0.506341 0.8295381 
0.5489814 0.863595 
0.6438704 0.956445 
0.5710223 0.8797629 
0.416486 0.7689741 
0.6155629 0.9278364 
0.5581691 0.7847159 
0.651233 0.970258 
0.6881967 1.074989 
0.6900315 1.00305 
0.4642606 0.6510754 
0.3605123 0.5792527 
0.3934362 0.6061978 
0.6022615 0.8758676 
0.9658117 1.305219 
0.6094148 0.7759817 
0.5443797 0.80196 
0.9252341 1.129616 
0.3453355 0.5184553 
0.3482785 0.5220904 
0.537564 0.7271528 
0.2907088 0.425617 
0.6146431 0.8807347 
0.5781872 0.7833083 
0.3203006 0.4837668 
0.5351343 0.6985431 
0.5759506 0.7270215 
0.2446928 0.370769 
0.3141699 0.4265101 
0.303421 0.4197862 
