0.7917752 1.04363 
0.9078972 1.177724 
0.9055257 1.140023 
0.8918486 1.167341 
0.8847847 1.116812 
0.8990548 1.130914 
0.9048672 1.137801 
0.8768153 1.162796 
0.9355388 1.199928 
0.8791797 1.062994 
0.8481064 1.140987 
0.8820508 1.070914 
0.9004736 1.083147 
0.9520941 1.216739 
0.8893299 1.130697 
0.7114792 1.049561 
0.7051547 1.015548 
0.6521769 0.9383488 
0.5402398 0.7195959 
0.6571829 0.820255 
0.6475642 1.029834 
0.7084179 0.9938915 
0.4511623 0.7342727 
0.7675171 0.9263644 
0.6155097 0.8547258 
0.718164 0.9619112 
0.7552578 0.9280381 
0.6065972 0.8762832 
0.6723115 1.178317 
0.7959445 0.9835601 
0.3578789 0.7369249 
0.5726457 0.8738151 
0.6553075 0.9548552 
0.608849 0.9118564 
0.5638885 0.7897575 
0.6649232 0.9516563 
0.5076847 0.7942941 
0.6381016 0.9271002 
0.5408413 0.8370173 
0.6638694 0.9487803 
0.5056813 0.7681091 
0.6482608 0.9458146 
0.5134807 0.7842834 
0.6074235 0.8440697 
0.6286197 0.872942 
0.3293121 0.5044239 
0.5276647 0.8077328 
0.3086996 0.596009 
0.6137888 0.9079657 
0.6170156 0.9208407 
0.3918231 0.5702558 
0.6240747 0.9016297 
0.6527004 0.9126339 
0.5362356 0.7284148 
0.6056681 0.8976431 
0.3426068 0.5706573 
0.3546071 0.5434926 
0.5669889 0.8476777 
0.6180706 0.9078445 
0.5946851 0.8730519 
0.498477 0.7708292 
0.4255657 0.7000928 
0.5096452 0.7810326 
0.5561724 0.8295853 
0.7279336 1.095063 
0.6940289 1.029272 
0.7157276 1.032869 
0.9212296 1.27014 
0.6398432 0.935528 
0.6617317 0.9799738 
0.5817726 0.8831363 
0.6352897 0.946593 
0.3890204 0.6875756 
0.7887955 1.252669 
0.658613 0.948339 
0.6364789 0.9181938 
0.7364817 0.962569 
0.6025496 0.8925781 
0.6374593 0.9271028 
0.6522908 0.9384365 
0.8810413 1.179137 
0.4042804 0.5977063 
0.3735483 0.5528328 
0.6560419 0.969089 
0.3417492 0.5103137 
0.3523331 0.5154738 
0.6791182 0.9686475 
0.5614829 0.7412202 
0.3364182 0.5798171 
0.4534109 0.5936284 
0.4641631 0.6319826 
0.3437238 0.5075381 
0.5431361 0.7535923 
0.3792758 0.5358703 
0.6237257 0.8933406 
0.2221103 0.3439441 
0.2145476 0.3272669 
0.2173045 0.3373461 
0.2226441 0.3405836 
0.2159421 0.3293698 
