0.194599 0.1908342 
0.1935 0.1902884 
0.2318339 0.2287645 
0.2214703 0.2193331 
0.1481296 0.1478562 
0.1390599 0.1388033 
0.1456143 0.1467455 
0.1428707 0.1470788 
0.158342 0.1597365 
0.1434027 0.1440281 
0.1411533 0.1467157 
0.1407677 0.1453011 
0.1338448 0.1340845 
0.140685 0.1416122 
0.1456299 0.1460388 
0.212084 0.2104607 
0.1447764 0.1443578 
0.1473628 0.149472 
0.2388916 0.2345454 
0.1447591 0.1473641 
0.2321508 0.2297017 
0.1419317 0.1491786 
0.1551487 0.1612818 
0.150794 0.1520045 
0.1511856 0.1536239 
0.144505 0.1453219 
0.1940334 0.192077 
0.1860106 0.1848953 
0.1462134 0.1475858 
0.2225243 0.2210105 
0.1439795 0.1453991 
0.189863 0.1885476 
0.1433024 0.1430328 
0.1421997 0.1418444 
0.1383375 0.1432222 
0.1461715 0.1459149 
0.2219178 0.2202361 
0.1450657 0.1452396 
0.1427803 0.1464377 
0.1413041 0.1412823 
0.1436858 0.1432898 
0.181592 0.1797748 
0.176223 0.174996 
0.230102 0.2285247 
0.1490495 0.1492306 
0.2235274 0.2200502 
0.1434642 0.1434847 
0.1572913 0.1581216 
0.1796634 0.1782444 
0.1555042 0.1564763 
0.1500589 0.1522079 
0.2251204 0.2223364 
0.1384838 0.1383969 
0.1494713 0.150013 
0.1502939 0.1508837 
0.1461539 0.1459592 
0.1411829 0.1423708 
0.2170551 0.2150676 
0.204878 0.2028793 
0.2269747 0.2225629 
0.1459299 0.1507785 
0.1608831 0.1600601 
0.2161132 0.2141972 
0.1393874 0.1392836 
0.2420271 0.2409324 
0.2586379 0.2568919 
0.1438356 0.1441818 
0.1429103 0.1425134 
0.2332868 0.2305076 
0.1464112 0.1466088 
0.1411008 0.142233 
0.2014389 0.1992257 
0.1362755 0.141121 
0.1594663 0.1618903 
0.1472059 0.1476615 
0.1531096 0.1535218 
0.2158736 0.2121615 
0.2328738 0.2312603 
0.2175909 0.2159837 
0.1951512 0.1927753 
0.1884756 0.185191 
0.1462174 0.1461321 
0.1535018 0.1533733 
0.2346167 0.233212 
0.1518817 0.1527227 
0.1502935 0.1503653 
0.1401722 0.1409996 
0.2113279 0.20975 
0.1334733 0.133929 
0.137625 0.1372152 
0.2236603 0.2209333 
0.1471189 0.1474162 
0.1378104 0.1387198 
0.174008 0.1727368 
0.2480343 0.2449295 
0.1508877 0.1504247 
0.247775 0.2458249 
0.1401018 0.1399217 
0.1856425 0.1839403 
0.1406999 0.1405505 
