0.04401459 0.04157041 
0.0406898 0.03874106 
0.04039763 0.03663712 
0.04668351 0.04055263 
0.04565165 0.04464834 
0.03460979 0.03470106 
0.05547281 0.05181009 
0.03838434 0.03546968 
0.0526307 0.04820718 
0.03493086 0.03368597 
0.03404459 0.03242605 
0.04473238 0.04006161 
0.03570738 0.03281973 
0.04251691 0.04013452 
0.03930551 0.03592118 
0.03897621 0.03598345 
0.03891837 0.03385662 
0.04193257 0.03263343 
0.0497634 0.0459395 
0.03907524 0.03666445 
0.04410136 0.03985846 
0.04084135 0.03936401 
0.05077375 0.04511052 
0.04765651 0.04511182 
0.04520268 0.04979671 
0.04546664 0.0418274 
0.04718339 0.04038993 
0.04377526 0.04220905 
0.03955656 0.03574625 
0.03939635 0.03763315 
0.04582374 0.03961929 
0.0536193 0.04640614 
0.03678947 0.03324503 
0.03647116 0.03591805 
0.04160427 0.03883218 
0.04642433 0.04417359 
0.05206817 0.03751037 
0.05915237 0.05277974 
0.05173712 0.04756605 
0.0399821 0.03417006 
0.03671536 0.03817428 
0.04756814 0.04394181 
0.05995388 0.04562908 
0.03794579 0.03461423 
0.0480768 0.04727068 
0.05202178 0.04697227 
0.04476926 0.04142817 
0.0495942 0.04731023 
0.0442924 0.03858704 
0.03583501 0.03592896 
0.05436076 0.05304192 
0.04883013 0.04038652 
0.04158278 0.03552472 
0.04442747 0.03720015 
0.04587965 0.03583247 
0.04065636 0.03156535 
0.04840104 0.04494015 
0.05301851 0.0502927 
0.03944984 0.04003227 
0.05809291 0.05291844 
0.05414977 0.05394372 
0.03814603 0.0393367 
0.04972396 0.04757871 
0.05127902 0.04492722 
0.04603379 0.03635731 
0.04141448 0.03844239 
0.03579126 0.03249547 
0.04506089 0.04385273 
0.03530165 0.03086307 
0.06557957 0.06040148 
0.05415427 0.05085308 
0.04714464 0.04385657 
0.05667566 0.05203526 
0.04098859 0.03704136 
0.03912986 0.03741539 
0.03820586 0.03251006 
0.03821542 0.03375043 
0.04217457 0.03585409 
0.04799524 0.04568014 
0.03598227 0.03154489 
0.04704726 0.0432536 
0.0390845 0.0340716 
0.05211342 0.04570889 
0.03956226 0.03717684 
0.04321658 0.03906168 
0.04191515 0.04055464 
0.04067634 0.03814697 
0.04145998 0.0357991 
0.0495718 0.04468742 
0.04121039 0.03674756 
0.05156096 0.05045846 
0.04403373 0.03133812 
0.05878327 0.05001911 
0.04374885 0.04243776 
0.04364818 0.04053215 
0.03480551 0.03329848 
0.03805848 0.03319078 
0.04899154 0.04670975 
0.04637307 0.04680526 
0.03855147 0.03713564 
