0.04173023 0.03817308 
0.04060951 0.03779663 
0.04199771 0.04126552 
0.05229302 0.04878784 
0.04117509 0.03910119 
0.04926246 0.04460063 
0.04118382 0.0367562 
0.03996072 0.03889294 
0.04470103 0.04337532 
0.05058362 0.04911536 
0.04369726 0.04192019 
0.05249077 0.05043952 
0.04035207 0.03847444 
0.04131874 0.03817638 
0.03835557 0.03664623 
0.04009452 0.03707288 
0.04287688 0.04187677 
0.03814766 0.0364413 
0.05250043 0.04955915 
0.04814879 0.04678585 
0.04235325 0.04081137 
0.03827448 0.03676325 
0.04133201 0.04001011 
0.04737884 0.04559382 
0.04511402 0.03960101 
0.03763734 0.03573209 
0.04698907 0.04038439 
0.03834068 0.03497425 
0.04216065 0.04055193 
0.06210809 0.05291862 
0.04305194 0.03913453 
0.0407797 0.03856978 
0.04886882 0.04800455 
0.0451927 0.03939285 
0.04404291 0.0418128 
0.03895228 0.03777906 
0.03774714 0.03615719 
0.04084162 0.03963516 
0.04289764 0.0410984 
0.0482576 0.04225403 
0.03803119 0.03638451 
0.04470319 0.0431054 
0.044023 0.04047514 
0.04459701 0.04413256 
0.04850049 0.04670227 
0.04537437 0.04303444 
0.04245761 0.04000859 
0.03583294 0.03343955 
0.04418508 0.04163772 
0.05278009 0.04143704 
0.04303548 0.03859033 
0.04209565 0.04125663 
0.04118533 0.03939718 
0.03947341 0.03584406 
0.04138778 0.03896079 
0.04111811 0.03790809 
0.05463246 0.04803274 
0.05553648 0.05296711 
0.04354941 0.04006586 
0.03861748 0.03741891 
0.06415843 0.06281703 
0.05097 0.04896034 
0.034428 0.03425095 
0.04376341 0.04022685 
0.04658067 0.0397963 
0.04183712 0.03819874 
0.03439764 0.03384144 
0.04601798 0.04507654 
0.06025366 0.05768544 
0.03846349 0.03719001 
0.03742009 0.03638912 
0.05217527 0.05010712 
0.03937919 0.03834117 
0.04004743 0.03669634 
0.04195468 0.04023001 
0.03925314 0.03655757 
0.04647846 0.04590589 
0.04556012 0.04266178 
0.04014339 0.0367487 
0.06419706 0.04683287 
0.03813263 0.03737639 
0.04512723 0.0442813 
0.04946819 0.04691658 
0.04123877 0.03936744 
0.04245102 0.04155268 
0.03966485 0.03785566 
0.0474805 0.04536831 
0.04752219 0.04597289 
0.0403738 0.03846104 
0.03978472 0.0386679 
0.04792555 0.0466017 
0.04208336 0.04086198 
0.03746437 0.03678918 
0.05494183 0.05323236 
0.03370285 0.03238209 
0.05250197 0.04956019 
0.06163968 0.06016795 
0.03912985 0.03613943 
0.04784108 0.04645252 
0.05176796 0.04073883 
