0.03189757 0.03128478 
0.03456017 0.03248431 
0.03410624 0.03466925 
0.03264075 0.03059938 
0.03583377 0.03418134 
0.03960373 0.03625232 
0.03277691 0.03241288 
0.04101606 0.03320484 
0.04051619 0.03688257 
0.03474342 0.03242401 
0.03538878 0.03127254 
0.03211884 0.03117811 
0.03531469 0.03277622 
0.03273408 0.03086521 
0.03440578 0.03218463 
0.03372429 0.03172579 
0.03340458 0.03189884 
0.03458267 0.03176105 
0.03263055 0.02930831 
0.03235332 0.02987763 
0.03211286 0.03048656 
0.03280161 0.03125084 
0.0364495 0.03267381 
0.03669497 0.03204521 
0.03411561 0.03085787 
0.03395507 0.03252837 
0.03416149 0.03063092 
0.03816555 0.03638583 
0.03272546 0.03134749 
0.03251937 0.0307061 
0.03267802 0.03092148 
0.03387377 0.0321473 
0.03183697 0.02955835 
0.0324946 0.02968844 
0.03208546 0.03104928 
0.03368987 0.031105 
0.03264288 0.03069511 
0.03316713 0.03108445 
0.03324538 0.03171407 
0.03184218 0.03020426 
0.03455598 0.03229064 
0.03647115 0.03478678 
0.03681789 0.03370208 
0.03545321 0.03358852 
0.03207466 0.03152586 
0.03440296 0.03347589 
0.03242399 0.03089376 
0.03177684 0.031584 
0.03519295 0.03285183 
0.03286227 0.03183905 
0.03580427 0.03232621 
0.0353544 0.03364295 
0.0340143 0.0302672 
0.03383807 0.03090742 
0.03228293 0.03123805 
0.0372001 0.03666841 
0.03385571 0.03301839 
0.03651922 0.03460805 
0.03556551 0.03329553 
0.03183002 0.03130306 
0.0346591 0.02885868 
0.03274714 0.03104861 
0.03167024 0.02924867 
0.03359888 0.03201687 
0.0381403 0.03485634 
0.03567177 0.03180297 
0.03169074 0.03182912 
0.03337259 0.03211264 
0.03340809 0.03196348 
0.03565384 0.03193198 
0.03422579 0.03260571 
0.03602754 0.0326439 
0.03355186 0.032336 
0.03355328 0.03119921 
0.03326777 0.02955692 
0.03169839 0.02864843 
0.03305127 0.03177551 
0.03382403 0.03189327 
0.03578691 0.03297569 
0.03426761 0.03260489 
0.03321452 0.0317226 
0.0325398 0.03078611 
0.03545053 0.03400086 
0.03233819 0.03107785 
0.03402572 0.03436579 
0.0298894 0.02785026 
0.03471644 0.03333007 
0.03210231 0.03067433 
0.03656596 0.03447769 
0.03452148 0.03060532 
0.03131183 0.02881253 
0.03398634 0.03107593 
0.03683981 0.03228497 
0.03393127 0.03118125 
0.03161079 0.0303649 
0.03419224 0.03353369 
0.03528595 0.03293503 
0.03398734 0.02997182 
0.03389293 0.03145618 
0.03089777 0.02916636 
