0.06878209 0.06649836 
0.06033295 0.05581393 
0.05831028 0.05316936 
0.06118006 0.05885939 
0.05474179 0.05135904 
0.05829713 0.05529377 
0.05846737 0.05082383 
0.06390086 0.0576027 
0.06245358 0.05580896 
0.06243314 0.05894802 
0.04846017 0.04446988 
0.06011452 0.05822107 
0.05717035 0.05222984 
0.05994557 0.05359622 
0.06277178 0.05953622 
0.05370791 0.05037221 
0.05148837 0.04782087 
0.05367709 0.04990945 
0.06469617 0.06131468 
0.05572748 0.05303155 
0.06824351 0.06173154 
0.06240887 0.0591072 
0.05891848 0.05679321 
0.06069483 0.0565372 
0.05402515 0.05175101 
0.06200945 0.05632246 
0.04896719 0.04431077 
0.06809295 0.06583914 
0.06242244 0.0551011 
0.05961741 0.05718564 
0.05756208 0.05266925 
0.05628531 0.04880955 
0.05116619 0.04962194 
0.0613964 0.05658964 
0.04957037 0.04700049 
0.06923563 0.0655351 
0.056728 0.05264419 
0.05444818 0.04563783 
0.06739863 0.06217215 
0.05841036 0.0532516 
0.05267192 0.05051901 
0.05654141 0.05339126 
0.05901479 0.05394111 
0.0524988 0.04748584 
0.05124495 0.04910463 
0.04997172 0.04724137 
0.06395735 0.05958551 
0.04809469 0.04409305 
0.06083716 0.05648584 
0.05053685 0.04854584 
0.05476314 0.05003526 
0.08060816 0.07532019 
0.06623807 0.06057618 
0.05917018 0.05774364 
0.05790737 0.05485411 
0.05775559 0.05495009 
0.06202989 0.05907029 
0.05559411 0.05011354 
0.05615257 0.05195355 
0.06285164 0.06071032 
0.05543202 0.05112897 
0.06485901 0.06218397 
0.06215935 0.05917263 
0.05580668 0.05328185 
0.05277459 0.05070701 
0.05603605 0.05078112 
0.06756112 0.064949 
0.05450281 0.05005669 
0.05360612 0.0507545 
0.05658711 0.05120006 
0.0473122 0.04609918 
0.05579783 0.05227794 
0.05245553 0.0489666 
0.06064243 0.05432516 
0.06209664 0.05841217 
0.05781714 0.05457015 
0.05956131 0.05554542 
0.05655863 0.05123834 
0.05054198 0.04659958 
0.06342589 0.05714903 
0.06495581 0.05995477 
0.04921886 0.0443511 
0.05686554 0.05124318 
0.05009704 0.04750676 
0.04663105 0.04417937 
0.05874618 0.05467356 
0.0770395 0.06837407 
0.07015365 0.06589362 
0.06373213 0.05859073 
0.06102022 0.05605752 
0.06439205 0.05936244 
0.05989896 0.06451811 
0.05103087 0.04948577 
0.05892975 0.0538711 
0.06553315 0.06269043 
0.05714061 0.05354452 
0.05942825 0.05545393 
0.06390369 0.06136668 
0.06214735 0.0578427 
0.06175835 0.05919574 
