1.9385 2.69243 
1.052208 1.656158 
1.131937 1.637818 
1.941761 2.826237 
2.143364 3.032345 
2.157007 3.063252 
2.190648 2.845607 
1.416874 2.02554 
2.277294 3.148624 
2.336255 3.307827 
1.84976 2.787805 
0.7685397 1.10638 
0.765717 1.114169 
0.8114145 1.120373 
0.7076385 0.9854462 
0.6121378 0.9025145 
1.195592 1.745025 
1.182503 1.814357 
1.231652 1.866477 
0.6286693 1.122357 
0.5958581 1.06115 
0.6194468 1.127373 
0.5965996 1.086197 
1.109857 1.675439 
0.5749493 1.068536 
1.039931 1.540049 
1.291965 1.900383 
0.6030474 0.868022 
0.5197787 0.7600989 
0.5867651 0.8501558 
0.5389287 0.7779088 
0.5866086 0.8361709 
0.9435177 1.639791 
0.9263649 1.659021 
0.883976 1.619761 
1.014993 1.829244 
0.5749981 0.8424549 
0.5257692 0.768548 
0.9686501 1.85753 
0.5139394 0.7640657 
0.5159216 0.7631898 
0.5158 0.7602847 
1.507517 2.62892 
0.7209325 1.018979 
0.5239995 0.7696526 
0.4923081 0.7151549 
0.4863081 0.7191241 
0.5103443 0.7504897 
0.4210076 0.6520553 
0.8996298 1.359155 
0.8890727 1.350727 
0.8309145 1.314267 
0.9515276 1.462453 
0.803622 1.281989 
0.8524218 1.401122 
0.5119283 0.7422779 
0.5393636 0.7770295 
0.4956317 0.7417319 
0.5055077 0.7371328 
0.5029621 0.7296598 
0.857456 1.345153 
0.80707 1.202807 
0.8242593 1.185255 
0.7059772 1.039648 
0.5203767 0.7571661 
0.5022278 0.7301641 
0.5038002 0.741457 
0.8328378 1.298682 
0.4643536 0.6906412 
0.4808388 0.8370159 
0.7763643 1.111111 
0.7601418 1.167594 
0.4986749 0.7191508 
0.4413195 0.6595311 
0.4334841 0.7767391 
0.4169688 0.6222315 
0.4072771 0.6077185 
0.5286543 0.769944 
0.4624577 0.7069571 
0.5456531 0.7799308 
0.5800247 0.8275917 
0.5637677 0.7971144 
0.4463413 0.6684496 
0.4490142 0.6582506 
0.4404609 0.6741099 
0.4147897 0.6435201 
0.4979713 0.7101345 
0.3760397 0.5902593 
0.459265 0.6706574 
0.4357641 0.642704 
0.4173605 0.6088202 
0.3934746 0.60411 
0.4576447 0.6662695 
0.4730098 0.6986768 
0.4572041 0.6741514 
0.4006529 0.5943503 
0.3693039 0.5728114 
0.4262288 0.6373057 
0.407748 0.5929482 
0.4194932 0.6028454 
