0.05082987 0.04838422 0.4763098 0.4176668 0.1675233 0.6020695 
0.04706515 0.04561429 0.4686013 0.5246509 0.1847107 0.7210124 
0.0558478 0.05435272 0.4810069 0.3715748 0.1756983 0.6256252 
0.0500783 0.04778175 0.53427 0.4826443 0.16058 0.6945414 
0.04327017 0.04062122 0.4281204 0.3849094 0.1460208 0.4441689 
0.04505801 0.04295514 0.4771971 0.4287236 0.134354 0.5597921 
0.05085083 0.04778609 0.5667899 0.3190444 0.1475199 0.7185641 
0.05339995 0.04901909 0.5289849 0.4601738 0.136707 0.7015885 
0.05102157 0.04871127 0.5136631 0.3586547 0.1430979 0.6102035 
0.04561214 0.04325689 0.4405609 0.414358 0.1595473 0.5366375 
0.05328623 0.04870341 0.6122845 0.409894 0.1240432 0.6588166 
0.05475467 0.05308159 0.5442922 0.3724329 0.1579368 0.7097314 
0.0566321 0.04701102 0.6653655 0.388752 0.171243 0.7231102 
0.06071946 0.05899657 0.5344245 0.4478677 0.1540497 0.7394702 
0.05350257 0.05092124 0.5285636 0.376492 0.1598169 0.680787 
0.04562572 0.04213721 0.626421 0.3198442 0.1406473 0.7018211 
0.05283829 0.04835431 0.7060232 0.3600073 0.1841261 0.6591628 
0.04939991 0.04741171 0.4716333 0.4499112 0.1406818 0.6684712 
0.06153877 0.06018718 0.5075504 0.3603875 0.1631729 0.7299143 
0.05026658 0.04792753 0.6130934 0.3585045 0.1315202 0.6502764 
0.0567099 0.05473567 0.5091186 0.4514407 0.1624955 0.5420575 
0.04607861 0.04416693 0.4990069 0.3437704 0.1254861 0.6996817 
0.05275285 0.05094666 0.5318503 0.3687334 0.1451257 0.7027858 
0.04954111 0.04812738 0.4717353 0.3877922 0.156124 0.668207 
0.05044993 0.05004202 0.5583617 0.3621062 0.1347421 0.6434292 
0.04487558 0.0395776 0.6083611 0.3894048 0.1682574 0.6451387 
0.04993418 0.04421375 0.5424619 0.328038 0.1255922 0.6775043 
0.05837004 0.05254065 0.583057 0.3778607 0.1715054 0.7306348 
0.04571817 0.04202081 0.5636089 0.3554051 0.1355273 0.6069936 
0.06571425 0.05058639 0.6560677 0.368624 0.1749367 0.7034578 
0.04941776 0.0462838 0.4731778 0.4169667 0.1538938 0.6666566 
0.05529079 0.0547628 0.5641908 0.3794716 0.1566792 0.6773668 
0.04989129 0.04894054 0.4943201 0.3460647 0.2247433 0.7283811 
0.05110364 0.04968043 0.5014196 0.3997064 0.1704918 0.6388912 
0.05055829 0.04877989 0.5576061 0.4895858 0.1311537 0.6649061 
0.04102272 0.03973995 0.412678 0.3739539 0.1550583 0.6626452 
0.05153537 0.04985209 0.563974 0.3290051 0.1419489 0.6884749 
0.04707059 0.04515356 0.5057048 0.3062903 0.156562 0.6352961 
0.05178219 0.04660811 0.5340266 0.3249179 0.1426821 0.6562513 
0.05813731 0.05428616 0.6779059 0.4262024 0.1221194 0.6805017 
0.05072005 0.04928338 0.5525564 0.5125633 0.1396088 0.6238147 
0.05163406 0.05078494 0.5296418 0.5375372 0.1321289 0.7188238 
0.06140527 0.05717402 0.5733718 0.3648923 0.1846669 0.6416603 
0.04997241 0.04686068 0.5515845 0.4342163 0.1501745 0.5285146 
0.04993743 0.04912687 0.5527356 0.4644753 0.1229368 0.7894106 
0.04763629 0.04640296 0.5530331 0.3685769 0.1712698 0.5965051 
0.06114691 0.05480947 0.7180678 0.3963224 0.168711 0.7099469 
0.04976033 0.04603992 0.5992775 0.4555556 0.1338835 0.5760786 
0.05007849 0.04849577 0.4801489 0.3568396 0.138979 0.6764257 
0.05476907 0.05039856 0.6381565 0.5263023 0.1386894 0.5444537 
0.04269042 0.03794233 0.49418 0.3272375 0.1348749 0.677036 
0.05443749 0.0552022 0.6863325 0.3827331 0.1399767 0.6997275 
0.04412437 0.04320125 0.6214943 0.4403284 0.1519877 0.7507417 
0.04754716 0.04455165 0.5277067 0.3575092 0.2510856 0.7012502 
0.06196423 0.05854701 0.5494407 0.3811503 0.1936658 0.7337033 
0.05983857 0.05506626 0.6319097 0.4169515 0.1329525 0.7600742 
0.04498731 0.04271613 0.5108061 0.4924502 0.1654724 0.5822601 
0.04802746 0.04354738 0.6438426 0.476237 0.1605034 0.6389245 
0.0434867 0.04165782 0.5694765 0.3279247 0.1137406 0.7155071 
0.05690011 0.0544893 0.5051944 0.3106736 0.1519708 0.7290734 
0.05006982 0.04730888 0.5673635 0.3238448 0.176394 0.6347382 
0.04434445 0.04254611 0.5511386 0.3772379 0.1506969 0.6711022 
0.04961828 0.04869476 0.5027022 0.3435944 0.1340825 0.6122791 
0.04394843 0.0412703 0.6088217 0.3522525 0.1579656 0.6017117 
0.0488552 0.04497653 0.6214006 0.3543543 0.1465608 0.7050918 
0.04948752 0.04580524 0.595055 0.3355635 0.1575139 0.6685131 
0.05510681 0.04982581 0.5294496 0.3051459 0.1540755 0.6436591 
0.04422512 0.04245882 0.5161937 0.4182813 0.1344765 0.7336743 
0.05085101 0.04863385 0.634477 0.3872516 0.1077227 0.6929816 
0.05484147 0.05032409 0.606137 0.4536398 0.1266856 0.6996241 
0.05989357 0.05748172 0.4846182 0.4082119 0.1641514 0.7149852 
0.05494947 0.05192331 0.5686841 0.3064528 0.1424329 0.6567924 
0.05947893 0.0579632 0.5047506 0.356779 0.1500295 0.6276889 
0.04941516 0.04588509 0.5393917 0.4415623 0.1604006 0.504447 
0.05135706 0.04892908 0.712183 0.433274 0.172986 0.7335255 
0.05049978 0.04576195 0.6065867 0.3788911 0.1814545 0.6284303 
0.04497131 0.04146796 0.4623716 0.3167909 0.1814094 0.6772612 
0.0478647 0.04528589 0.5125337 0.3742093 0.1386846 0.618063 
0.045167 0.04280446 0.4651034 0.3650554 0.1851718 0.641418 
0.05609443 0.05217065 0.5372409 0.4084058 0.1688503 0.6396886 
0.06720587 0.06548775 0.6441705 0.4625183 0.1599568 0.7349008 
0.0471852 0.04599024 0.5012405 0.4749599 0.1489374 0.6465451 
0.0552826 0.05261046 0.616602 0.3451978 0.1126225 0.5041116 
0.0450847 0.04326626 0.5417589 0.3379838 0.1475188 0.5835527 
0.04729938 0.04502594 0.4415174 0.316771 0.1419544 0.5937434 
0.04667541 0.04348589 0.603289 0.5599954 0.1800666 0.6918231 
0.05583099 0.05264051 0.4792128 0.3530858 0.1402816 0.6708172 
0.04876727 0.04695673 0.4707572 0.3596521 0.1529914 0.5945589 
0.04802569 0.04397894 0.4508659 0.3910572 0.1672024 0.6437861 
0.05670316 0.05499064 0.5340347 0.4839188 0.1625317 0.707036 
0.06867922 0.05710017 0.7085304 0.4510514 0.1321946 0.7275043 
0.05161422 0.04970704 0.4803049 0.4428444 0.1669329 0.6798046 
0.05123815 0.04667374 0.515227 0.3758665 0.1372865 0.6169369 
0.04940458 0.04596467 0.5335464 0.3496301 0.118853 0.7432908 
0.03910198 0.03670269 0.5217889 0.342278 0.1473731 0.5435947 
0.04577433 0.04174405 0.5924579 0.3703134 0.1340615 0.6169983 
0.04469046 0.04386286 0.5921259 0.3614702 0.1383306 0.6395184 
0.04838244 0.04691368 0.4964901 0.3755362 0.1457288 0.6591083 
0.06183064 0.05824504 0.60279 0.4944833 0.1203906 0.6777285 
0.04447595 0.0433066 0.5106006 0.4062733 0.1276838 0.6426477 
0.05059497 0.04638582 0.5068361 0.3043991 0.1510741 0.6679337 
0.04060912 0.03836044 0.5112857 0.3868303 0.130243 0.7346008 
0.04478411 0.04028084 0.573637 0.3374522 0.1447149 0.7576484 
0.05074965 0.04827795 0.5954967 0.3741081 0.1469694 0.7287459 
0.05367838 0.0521532 0.4722983 0.5717107 0.1615854 0.673115 
0.05296168 0.04676042 0.5838152 0.4525979 0.1850817 0.7210998 
0.04467595 0.04370972 0.512351 0.4492183 0.1422543 0.6090534 
0.05409543 0.04979674 0.5547093 0.3887824 0.1523712 0.673954 
0.05377842 0.05160073 0.6339182 0.3284649 0.1318014 0.682171 
0.04727104 0.04381887 0.4768739 0.3747531 0.1456796 0.6984289 
0.04898735 0.04497012 0.5757273 0.4745535 0.1734323 0.5220023 
0.04511744 0.04416991 0.4722 0.3837419 0.1545147 0.6568221 
0.0430486 0.03986299 0.5707733 0.3113905 0.124361 0.5777949 
0.04776156 0.04586282 0.5200577 0.3988121 0.1353364 0.5763297 
0.04819394 0.04470137 0.4749038 0.3363129 0.1398531 0.5766591 
0.05401845 0.05234744 0.5922566 0.4145677 0.1254299 0.7642904 
0.04996145 0.0466207 0.5687718 0.4880179 0.1220666 0.7845773 
0.06859325 0.05846781 0.6640489 0.3833892 0.182936 0.6103151 
0.0484711 0.0467063 0.4790863 0.4081727 0.1236367 0.5249019 
0.06313328 0.06026371 0.5470968 0.3448659 0.1620778 0.6218578 
0.06020665 0.05690756 0.5307739 0.3325473 0.1445679 0.6167687 
0.05141532 0.04860155 0.7217729 0.4840031 0.1484764 0.5960451 
0.04251678 0.03925319 0.5469498 0.5228885 0.153117 0.6987708 
0.05547158 0.05058428 0.663576 0.4685793 0.2116422 0.6654245 
0.06114805 0.05916358 0.5022255 0.3063317 0.1519037 0.6829667 
0.05064307 0.04843142 0.4830994 0.3088475 0.1685769 0.7094557 
0.0528911 0.05101319 0.5285921 0.4453513 0.13708 0.6265805 
0.05031651 0.04782604 0.5976257 0.3350259 0.1219489 0.7011696 
0.05245412 0.04988798 0.498192 0.3705472 0.144869 0.6383632 
0.0478969 0.04429577 0.464828 0.4156751 0.1367967 0.6616778 
0.06315858 0.06060036 0.5042795 0.4207726 0.1567468 0.6287672 
0.0537633 0.0511083 0.4765198 0.3641183 0.1757011 0.5339449 
0.05798886 0.05180426 0.6863724 0.4154851 0.1728741 0.641489 
0.05097107 0.04669192 0.6230871 0.3536981 0.1930905 0.6683516 
0.04617093 0.04309219 0.5035107 0.3732243 0.1299306 0.6885255 
0.04732106 0.04480135 0.4711639 0.3152252 0.166312 0.646093 
0.05307235 0.0502795 0.5207541 0.373867 0.1377576 0.6726629 
0.05031507 0.04387707 0.5479778 0.3179759 0.1844739 0.6349735 
0.05988377 0.05894228 0.5173737 0.4195832 0.1656017 0.7152396 
0.04837855 0.04548413 0.4682542 0.4123971 0.173686 0.6975367 
0.04671177 0.04322707 0.537926 0.4269242 0.1242224 0.5424042 
0.06035581 0.05683479 0.5471557 0.3072717 0.1390143 0.607673 
0.05201753 0.0486635 0.5862083 0.5055798 0.1222765 0.7634986 
0.05881915 0.05634316 0.569384 0.4060734 0.1620576 0.5825952 
0.04853644 0.04568952 0.6321057 0.4358066 0.1556644 0.6866056 
0.05044326 0.04826393 0.4673005 0.447683 0.1633986 0.6547994 
0.05091056 0.04963794 0.6198731 0.4065635 0.1461409 0.7355779 
0.0675368 0.06304771 0.602506 0.3192284 0.1345374 0.6458871 
0.04939574 0.04367113 0.6812128 0.382949 0.1835798 0.6916574 
0.04511769 0.04176053 0.5023579 0.3392774 0.1816393 0.6584202 
0.05171733 0.0469119 0.5808615 0.4105201 0.1922014 0.7199651 
0.05097415 0.04774471 0.4961655 0.3320634 0.1507283 0.6606336 
0.05375884 0.0509888 0.5659158 0.3304103 0.1479803 0.622056 
0.05140678 0.04935362 0.5650676 0.4717409 0.164376 0.7293137 
0.05066006 0.04768788 0.5006215 0.4037953 0.1904513 0.7239051 
0.06595831 0.06391121 0.5802911 0.3905172 0.1235774 0.5965319 
0.04800946 0.04566035 0.441146 0.3848061 0.1332283 0.6156979 
0.06135374 0.0593159 0.5617388 0.3343865 0.143562 0.6823966 
0.04793822 0.04452311 0.4375097 0.3027764 0.1281265 0.6209043 
0.0541848 0.04946832 0.508684 0.4287585 0.1361181 0.6547695 
0.05417872 0.05129124 0.5515667 0.4180259 0.1736567 0.6726189 
0.04332764 0.04078733 0.4324508 0.3827504 0.1430289 0.6263 
0.04661433 0.04282601 0.4554374 0.3676097 0.1327925 0.5873452 
0.05286876 0.04778422 0.5247486 0.3942591 0.12807 0.6377581 
0.05083237 0.04888315 0.5566658 0.4010728 0.1525289 0.6775673 
0.05520679 0.05086986 0.6664169 0.3965074 0.1866448 0.750282 
0.0505162 0.04672523 0.4804624 0.3764638 0.1506734 0.7022239 
0.04857186 0.04776454 0.457805 0.4833707 0.1427499 0.6264989 
0.04788588 0.04022756 0.6240662 0.4783224 0.1517495 0.5366759 
0.04773162 0.04757471 0.6538932 0.3545427 0.188078 0.558397 
0.05647553 0.0535118 0.5656867 0.5289149 0.1333962 0.8123875 
0.04520556 0.04261663 0.5060862 0.3520064 0.129497 0.6494293 
0.07021374 0.06666824 0.579332 0.397367 0.134618 0.6948304 
0.04757144 0.04549425 0.4411015 0.3836929 0.1455692 0.6941964 
0.06015016 0.05796926 0.5336535 0.3741359 0.1335601 0.6074117 
0.04447888 0.04235411 0.471677 0.3263253 0.1392641 0.6010471 
0.04189945 0.04013061 0.5109579 0.3868882 0.1302444 0.6198955 
0.04420875 0.04024069 0.4873002 0.4005143 0.1905718 0.7418833 
0.05144007 0.04816233 0.5651092 0.4793185 0.1389628 0.6225656 
0.05439096 0.05174168 0.5679101 0.4128294 0.1412072 0.7255507 
0.05017995 0.04833566 0.6255966 0.4068776 0.1799948 0.6877268 
0.0466747 0.04354013 0.5275501 0.3767692 0.1348747 0.7003562 
0.05578016 0.05224202 0.4640991 0.3631147 0.1227877 0.7153059 
0.05280355 0.05009868 0.5280302 0.5835252 0.1590139 0.6574981 
0.05560758 0.05404434 0.6039734 0.3798858 0.1375819 0.7342277 
0.04286698 0.0397779 0.519472 0.4693694 0.1555571 0.7241221 
0.05125548 0.04666228 0.5749879 0.372468 0.1346835 0.6779484 
0.06157322 0.0477795 0.6757346 0.4474038 0.1901014 0.5873832 
0.04523962 0.04353932 0.4684466 0.5776763 0.1571143 0.6552089 
0.04434496 0.04244351 0.4310394 0.5614821 0.1692285 0.8282226 
0.04816794 0.04609502 0.5377881 0.4179718 0.1320612 0.6484713 
0.04935552 0.04745264 0.532469 0.3915851 0.15534 0.668843 
0.04271489 0.03961554 0.5588258 0.3744916 0.174138 0.6630279 
0.05637414 0.05559642 0.5031397 0.4815784 0.1523766 0.7740445 
0.05181785 0.04985347 0.5750596 0.3754765 0.196878 0.6541882 
0.04506822 0.04302041 0.486409 0.3407813 0.1645037 0.6795463 
0.04862262 0.04603546 0.4979767 0.5857169 0.1563409 0.737744 
0.05360044 0.05052842 0.5060702 0.3951185 0.1539189 0.7005199 
0.0502394 0.04658848 0.6339389 0.3754718 0.166045 0.6990675 
0.0593959 0.05702096 0.5238592 0.3426579 0.1444858 0.615208 
