0.0412211 0.04066855 
0.04649753 0.04580181 
0.04815282 0.04668276 
0.04278918 0.04157909 
0.04744346 0.04455435 
0.04516378 0.04447897 
0.04171722 0.04002316 
0.04404199 0.04279983 
0.07123463 0.06058436 
0.04656267 0.04656347 
0.04363563 0.04280613 
0.04774989 0.04672705 
0.04149775 0.04035741 
0.04230348 0.04198931 
0.03989331 0.03994158 
0.04317356 0.0407775 
0.06300377 0.05335058 
0.0450451 0.04576335 
0.04773754 0.04710943 
0.05016882 0.04764939 
0.04609797 0.04497637 
0.04622069 0.04366389 
0.04398189 0.04313797 
0.0449873 0.04457365 
0.04178383 0.04112129 
0.04307022 0.04291608 
0.04454774 0.04223432 
0.04824059 0.0445528 
0.04635579 0.04629536 
0.04353062 0.04425459 
0.04054205 0.04112074 
0.04158009 0.04134648 
0.03960944 0.03928389 
0.04613329 0.04556395 
0.04182386 0.04018118 
0.0386368 0.03779098 
0.03438805 0.03426725 
0.04533832 0.04444786 
0.04416975 0.04346096 
0.04620442 0.04147363 
0.04001213 0.03738496 
0.0413053 0.04094785 
0.04834618 0.04555398 
0.05078348 0.04765161 
0.04172033 0.04167318 
0.03859091 0.03947956 
0.04482689 0.04467199 
0.04144391 0.04150365 
0.05260711 0.05289743 
0.04499945 0.04401407 
0.04882265 0.0481909 
0.04312241 0.04192289 
0.04784363 0.04752793 
0.04326712 0.04260028 
0.04895198 0.04722986 
0.0398467 0.03946642 
0.04389897 0.043594 
0.04600463 0.04091475 
0.04185309 0.04176064 
0.04677604 0.04692462 
0.03867332 0.03864823 
0.05019576 0.04789998 
0.04562125 0.04338735 
0.04514342 0.04539905 
0.04493962 0.04509432 
0.0542399 0.05204653 
0.04503104 0.04288409 
0.04782721 0.04714926 
0.03893696 0.03917755 
0.04162357 0.0397939 
0.04293519 0.04148845 
0.03846332 0.03705149 
0.04446 0.04417182 
0.04199304 0.04008606 
0.05031005 0.04776813 
0.04325522 0.0414751 
0.04013005 0.04134304 
0.0502662 0.05068091 
0.04969773 0.04866286 
0.04581922 0.0428579 
0.04364618 0.04207336 
0.04252429 0.04200784 
0.03777724 0.03862507 
0.04419462 0.04344934 
0.0499094 0.04738991 
0.04238047 0.04294354 
0.0467024 0.04608479 
0.04468521 0.04510206 
0.03786097 0.03697061 
0.03963255 0.03928918 
0.03694333 0.03588782 
0.04269207 0.04252591 
0.03907725 0.03855373 
0.04892883 0.04790985 
0.0467794 0.04645554 
0.04604579 0.04599608 
0.04784433 0.04624148 
0.03936439 0.03867602 
0.0429143 0.04258366 
0.04545346 0.04387416 
