0.04503272 0.04244814 0.8788285 0.9893562 0.3444693 1.032808 
0.03943642 0.03733227 0.5914294 1.17403 0.433515 0.9092559 
0.03830558 0.03635953 0.8353529 1.16943 0.2684974 1.184995 
0.03684999 0.03212712 0.7002842 1.026007 0.3418812 1.01892 
0.03635671 0.03340319 0.6830149 0.9605933 0.2888573 0.8974089 
0.04235098 0.04186732 0.6222205 0.9965766 0.2951626 1.00668 
0.04398053 0.04134708 0.6318673 1.019585 0.3062243 0.8185738 
0.04578987 0.04515033 0.9622319 1.000508 0.3498383 0.9988552 
0.03988628 0.03908276 0.6793382 0.9793546 0.3502592 1.033517 
0.03845985 0.03552845 0.7603214 1.09002 0.2853556 0.9745319 
0.03965131 0.0366617 0.6499173 0.9984837 0.3703229 0.6259677 
0.04836101 0.04487903 0.6631867 1.01416 0.2753626 0.8095662 
0.04665132 0.03968507 0.6720584 1.032492 0.3662783 0.9838276 
0.04423738 0.03939945 0.8800587 0.913904 0.2494715 0.9648582 
0.03759969 0.03429599 0.8586365 1.014726 0.2707109 1.140678 
0.0441242 0.04234882 0.6687659 0.9658398 0.3180467 1.116041 
0.04655611 0.04286029 0.6221888 1.026574 0.3804998 1.218977 
0.03521308 0.03367093 0.9642748 0.9410536 0.3283773 0.8692913 
0.03953821 0.04362109 0.7001742 1.079974 0.252169 0.9734143 
0.04291882 0.04002307 1.046737 1.136677 0.3106627 1.247357 
0.04458497 0.04004692 0.7997074 0.9854172 0.3150679 0.9799081 
0.04480893 0.04220937 1.193134 1.036446 0.3881489 1.062788 
0.04511712 0.04597329 0.9409747 0.8333353 0.3357492 1.019551 
0.04514081 0.04114913 0.641884 0.9408692 0.3656132 0.9498309 
0.0383706 0.03730941 0.7385753 1.191267 0.2750425 1.108459 
0.04041003 0.03706189 0.6129569 1.089153 0.3325885 1.258986 
0.04194564 0.04052886 0.7796007 1.012153 0.2762327 1.009995 
0.04852782 0.04661596 0.725932 1.052685 0.3460791 1.228452 
0.04179663 0.04069652 0.9127519 0.9780912 0.3008877 1.173442 
0.04415461 0.03629393 0.8783275 1.013481 0.3429243 0.9598274 
0.04295349 0.04156276 0.6887282 1.123783 0.419003 1.046355 
0.04324827 0.03679999 1.180508 1.049603 0.3164821 1.226889 
0.04388367 0.03976313 0.688699 1.03807 0.378157 0.6413487 
0.04697231 0.04903548 0.8959294 1.286198 0.3029972 1.190469 
0.04271942 0.03676758 1.087721 1.032751 0.3901743 1.068771 
0.04288651 0.03661915 0.6344078 0.9178513 0.3413407 1.05041 
0.04885518 0.04232229 1.022175 1.296465 0.3830393 1.030028 
0.0436369 0.03160432 1.179022 1.042364 0.3706496 1.229865 
0.04874885 0.04383966 0.9652945 1.07169 0.3121437 1.190384 
0.0378452 0.03569 0.6218989 0.9714413 0.4158287 1.109642 
0.03746695 0.03416333 0.6319412 1.056661 0.3759489 1.034182 
0.0439796 0.04369534 0.8393326 1.173679 0.3422917 1.062589 
0.04453772 0.04153611 0.8223389 1.095534 0.3460646 1.18642 
0.04080354 0.03595802 0.9596068 1.118953 0.260896 1.220412 
0.04275199 0.0425703 0.7045106 1.089502 0.3772701 0.9288099 
0.04050261 0.0396101 0.845292 1.276195 0.4107831 1.381721 
0.04369438 0.04122158 0.7023778 1.13504 0.3771262 1.013326 
0.03686671 0.03427372 0.8395326 1.118281 0.3745541 0.8652618 
0.04124753 0.03389358 0.7385339 1.023865 0.3184281 0.9032923 
0.04526621 0.04230557 0.6282574 0.9911711 0.3534065 0.9489084 
0.03584615 0.03348862 0.6446517 1.032181 0.3767507 0.9859597 
0.04640902 0.03915213 1.207616 1.130596 0.3782501 1.06104 
0.0429192 0.04261055 0.6525247 1.022826 0.3417662 1.006173 
0.0437374 0.04380621 0.6081092 0.9341368 0.339123 0.9772312 
0.04050584 0.03904379 0.6649116 0.9991923 0.4185189 0.9560087 
0.051297 0.0469544 0.6564067 1.088365 0.3648167 0.8461079 
0.04609206 0.04030431 0.6072088 1.016394 0.3797498 1.09322 
0.04581765 0.04271023 0.7836113 1.142822 0.276713 1.141052 
0.0378913 0.03280609 0.9630871 0.9400715 0.3874301 0.9344935 
0.04001579 0.03807765 0.8314368 0.8886422 0.2685366 0.9285187 
0.04415924 0.04228311 0.9920995 1.040368 0.3552745 1.046128 
0.04046203 0.04456065 0.7168937 0.9198405 0.3718199 1.107061 
0.04118758 0.03903821 0.817618 1.06495 0.3090018 0.8432678 
0.04823773 0.04488867 1.00049 1.222921 0.3407688 1.324729 
0.03957859 0.03508225 0.7519479 1.0739 0.3106055 1.192749 
0.04364581 0.03939942 0.9243897 1.123305 0.3091737 1.138383 
0.04166684 0.03779101 0.7462355 1.158458 0.3359519 0.8399662 
0.03966294 0.03517965 0.6821215 1.001839 0.3023764 0.9746423 
0.04041074 0.03517851 0.6441325 0.9827178 0.3173742 1.044688 
0.04266513 0.03990572 0.9628602 1.025431 0.3358545 0.8230408 
0.05053624 0.04521171 0.7702506 1.059291 0.2731207 0.9078627 
0.04167316 0.03674014 0.7089058 1.007917 0.2857837 0.9587901 
0.0513666 0.04459122 1.055736 0.9715159 0.3337671 0.7057384 
0.04877752 0.04292343 0.9037599 0.9811386 0.3085498 1.062874 
0.04026229 0.03731208 0.6765726 0.8955341 0.2942792 1.067276 
0.05083197 0.04721067 1.11434 1.173975 0.2830018 0.9272382 
0.0411331 0.03718494 0.6452358 0.8874673 0.3380648 1.056054 
0.04194849 0.04038475 0.613132 1.167706 0.4722194 1.152881 
0.0776353 0.05526692 1.184084 1.046131 0.3201439 0.94627 
0.03635929 0.03346245 0.6063622 1.062866 0.406447 0.8483298 
0.04890686 0.04682685 0.6441133 0.8768952 0.293859 1.019632 
0.04226142 0.04123923 0.7521479 0.87597 0.3411864 0.9440489 
0.03770915 0.03759441 0.6428911 1.13279 0.3024019 1.232504 
0.04730992 0.03683815 1.038512 1.019448 0.281325 1.04369 
0.0427363 0.03995778 0.6171552 1.012627 0.322592 0.769833 
0.05025297 0.04728806 0.6400964 1.176356 0.3033791 0.9933278 
0.03947789 0.03802364 0.784182 1.016354 0.352196 1.085741 
0.04475152 0.04496996 0.5962946 1.122172 0.3820876 1.219764 
0.05059191 0.04356448 0.8731571 1.11212 0.2695243 0.9589034 
0.05644602 0.05686233 0.9211692 1.283784 0.2891948 1.309556 
0.05039397 0.0432216 0.8478314 0.9919699 0.3743203 0.9660095 
0.03752076 0.03653628 0.6890055 1.101527 0.3604603 1.131057 
0.04401336 0.04087637 0.6663488 1.188769 0.4447269 0.6389873 
0.04480064 0.04157364 0.6045809 1.063309 0.3395574 0.9884779 
0.04355383 0.03825747 0.9399361 1.013687 0.3332017 0.81174 
0.09079588 0.04924164 1.052636 0.912553 0.3729973 1.057065 
0.03761275 0.03445467 0.9094845 1.010772 0.3342696 0.9617938 
0.04495894 0.04073035 1.029997 1.069747 0.3969705 0.9576297 
0.03695923 0.0363008 0.5902829 0.9430062 0.3978818 1.117852 
0.03990217 0.03697916 0.7200539 1.041138 0.2852081 1.189112 
