0.06109682 0.06109682 
0.07418298 0.07418298 
0.08274389 0.08274389 
0.06393915 0.06393915 
0.4517776 0.4517776 
0.05637293 0.05637293 
0.07013483 0.07013483 
0.07718277 0.07718277 
0.07553305 0.07553305 
0.06380805 0.06380805 
0.0709725 0.0709725 
0.04621143 0.04621143 
0.329876 0.329876 
0.06884878 0.06884878 
0.07302964 0.07302964 
0.06999973 0.06999973 
0.07690215 0.07690215 
0.07405091 0.07405091 
0.07656466 0.07656466 
0.05610004 0.05610004 
0.08042361 0.08042361 
0.06458604 0.06458604 
0.07156086 0.07156086 
0.07180687 0.07180687 
0.06738648 0.06738648 
0.07639692 0.07639692 
0.07657795 0.07657795 
0.07683786 0.07683786 
0.06382606 0.06382606 
0.08431595 0.08431595 
0.07280222 0.07280222 
0.07289231 0.07289231 
0.07407453 0.07407453 
0.06872645 0.06872645 
0.06897921 0.06897921 
0.06460822 0.06460822 
0.06865144 0.06865144 
0.06116668 0.06116668 
0.07659325 0.07659325 
0.07230374 0.07230374 
0.06347857 0.06347857 
0.05799416 0.05799416 
0.07139725 0.07139725 
0.07053062 0.07053062 
0.07040107 0.07040107 
0.08017422 0.08017422 
0.06135746 0.06135746 
0.0727757 0.0727757 
0.07115773 0.07115773 
0.08328548 0.08328548 
0.07094047 0.07094047 
0.06658994 0.06658994 
0.06787583 0.06787583 
0.07959406 0.07959406 
0.06770965 0.06770965 
0.06639826 0.06639826 
0.433667 0.433667 
0.06272812 0.06272812 
0.07874063 0.07874063 
0.09105871 0.09105871 
0.07920398 0.07920398 
0.08392054 0.08392054 
0.07566171 0.07566171 
0.06070183 0.06070183 
0.0725066 0.0725066 
0.07384106 0.07384106 
0.06685712 0.06685712 
0.07047703 0.07047703 
0.0689768 0.0689768 
0.06710998 0.06710998 
0.06041216 0.06041216 
0.07116013 0.07116013 
0.08939825 0.08939825 
0.0699732 0.0699732 
0.06427349 0.06427349 
0.07659184 0.07659184 
0.07428531 0.07428531 
0.0658247 0.0658247 
0.05682474 0.05682474 
0.06548047 0.06548047 
0.06744461 0.06744461 
0.06437887 0.06437887 
0.4694227 0.4694227 
0.07967066 0.07967066 
0.07230926 0.07230926 
0.06066534 0.06066534 
0.07000909 0.07000909 
0.06604949 0.06604949 
0.2774666 0.2774666 
0.08194707 0.08194707 
0.4719135 0.4719135 
0.08114227 0.08114227 
0.07301854 0.07301854 
0.06825661 0.06825661 
0.07239074 0.07239074 
0.06887725 0.06887725 
0.06309562 0.06309562 
0.06440988 0.06440988 
0.07062692 0.07062692 
0.05345666 0.05345666 
