0.02334862 0.02334862 
0.01875966 0.01875966 
0.0160618 0.0160618 
0.01985387 0.01985387 
0.01816221 0.01816221 
0.01885755 0.01885755 
0.01366369 0.01366369 
0.01751792 0.01751792 
0.02789695 0.02789695 
0.01714289 0.01714289 
0.02314955 0.02314955 
0.01798048 0.01798048 
0.0163412 0.0163412 
0.01750934 0.01750934 
0.01698962 0.01698962 
0.01771661 0.01771661 
0.03026934 0.03026934 
0.01916273 0.01916273 
0.01665728 0.01665728 
0.01846492 0.01846492 
0.01772444 0.01772444 
0.01684594 0.01684594 
0.02809763 0.02809763 
0.01808724 0.01808724 
0.01972946 0.01972946 
0.01729038 0.01729038 
0.02100387 0.02100387 
0.01637217 0.01637217 
0.01552366 0.01552366 
0.01606221 0.01606221 
0.01900903 0.01900903 
0.01921948 0.01921948 
0.01809223 0.01809223 
0.01916312 0.01916312 
0.01833065 0.01833065 
0.01928927 0.01928927 
0.02271375 0.02271375 
0.02565155 0.02565155 
0.01803823 0.01803823 
0.01864252 0.01864252 
0.01564585 0.01564585 
0.0172347 0.0172347 
0.01747676 0.01747676 
0.02980303 0.02980303 
0.01672509 0.01672509 
0.02885802 0.02885802 
0.01506191 0.01506191 
0.02184271 0.02184271 
0.03130705 0.03130705 
0.01506005 0.01506005 
0.02100726 0.02100726 
0.01442087 0.01442087 
0.01825929 0.01825929 
0.01915878 0.01915878 
0.01902841 0.01902841 
0.01415015 0.01415015 
0.01361013 0.01361013 
0.02536207 0.02536207 
0.01582176 0.01582176 
0.01743055 0.01743055 
0.01519748 0.01519748 
0.01383462 0.01383462 
0.01827502 0.01827502 
0.01402889 0.01402889 
0.01736121 0.01736121 
0.03044126 0.03044126 
0.01770772 0.01770772 
0.01717392 0.01717392 
0.01833243 0.01833243 
0.02652122 0.02652122 
0.01946397 0.01946397 
0.01687022 0.01687022 
0.02602199 0.02602199 
0.01994821 0.01994821 
0.0206977 0.0206977 
0.01796897 0.01796897 
0.0197752 0.0197752 
0.01340868 0.01340868 
0.01776085 0.01776085 
0.01983184 0.01983184 
0.01673842 0.01673842 
0.0179088 0.0179088 
0.01871054 0.01871054 
0.01772849 0.01772849 
0.01377055 0.01377055 
0.01765131 0.01765131 
0.01810674 0.01810674 
0.01238321 0.01238321 
0.01663658 0.01663658 
0.0152205 0.0152205 
0.0231306 0.0231306 
0.02047737 0.02047737 
0.01482952 0.01482952 
0.01721897 0.01721897 
0.01569708 0.01569708 
0.01666851 0.01666851 
0.01607892 0.01607892 
0.01610399 0.01610399 
0.01837595 0.01837595 
0.01571187 0.01571187 
