0.8824811 1.174081 18.27996 16.71131 31.36275 15.93582 
0.9188404 1.227671 18.5352 16.3211 33.6297 16.42604 
0.8929696 1.200466 18.17898 16.76079 36.51711 16.26051 
0.8803296 1.161463 18.04312 16.86525 30.64226 16.67631 
0.864671 1.147509 17.58446 16.78124 26.64311 16.97507 
0.8644333 1.14679 17.91846 16.87529 29.11782 16.83606 
0.8764584 1.170842 17.76557 17.00396 29.62017 16.7216 
0.8964441 1.185616 17.90625 17.61283 31.23981 16.22529 
0.9362073 1.249196 18.46994 15.93669 24.83265 18.10215 
0.8915379 1.185483 18.1383 16.1938 33.4078 17.80601 
0.8645666 1.136393 18.00314 17.02312 28.13259 17.11406 
0.8650348 1.155042 17.74507 17.06555 29.92383 17.0495 
0.7859752 1.058656 17.92444 17.28681 22.50704 17.03847 
0.8745978 1.181946 18.16886 17.68443 34.7767 16.49391 
0.8662302 1.165581 17.91041 16.90901 30.21288 17.35151 
0.8605947 1.15619 17.61513 18.30951 23.48456 16.09864 
0.8405781 1.124245 18.17209 16.92142 27.8498 17.52254 
0.9324734 1.240573 18.2076 16.75929 29.11113 17.7509 
0.8799562 1.178171 17.89926 17.01805 34.09115 17.51242 
0.8782847 1.156753 17.88199 16.90664 31.31672 17.69386 
0.9434178 1.278959 18.40114 16.98353 30.26304 17.68059 
0.9593284 1.267337 18.03408 16.93499 24.74867 17.83407 
0.8708048 1.157219 18.06834 16.73329 28.08157 18.04553 
0.8778923 1.189546 18.26473 16.60095 25.61733 18.20958 
0.9041486 1.206877 18.64176 16.67828 24.81558 18.24473 
0.8874769 1.179911 17.9204 17.61438 30.48642 17.27255 
0.8733234 1.166239 17.83285 17.31793 27.44778 17.65623 
0.9315369 1.229519 18.44364 16.57025 28.13517 18.48277 
0.8827822 1.167112 18.06051 17.14155 25.85866 18.1525 
0.757987 1.043202 17.91796 16.61517 29.10022 18.62797 
0.8275292 1.101996 18.02317 16.46737 29.95945 18.78825 
0.8537493 1.134812 17.80354 17.30809 28.17955 17.98966 
0.8018434 1.082141 17.72551 16.84793 28.17403 18.47121 
0.9220908 1.23079 18.48596 16.43088 27.71985 18.91096 
0.8485465 1.141211 17.77281 17.86201 29.39912 17.46002 
0.8154855 1.111093 17.59895 17.09477 44.40565 18.05474 
0.8792713 1.165682 17.84855 17.24084 26.02255 18.35124 
0.9414294 1.251744 18.28619 17.39148 39.9093 18.10846 
0.9167757 1.223451 18.44339 17.02819 31.62341 18.68537 
0.8841517 1.166065 17.55368 18.84592 26.69727 16.97131 
0.8460553 1.145149 17.62029 17.75529 29.02984 18.04026 
0.9164271 1.207937 18.29045 18.47325 43.31385 17.1563 
0.9681737 1.274671 18.56826 16.89617 29.70706 19.15572 
0.8408275 1.134933 17.63104 16.83481 24.69841 19.35811 
0.9498279 1.259635 18.58938 17.66499 38.62235 18.26329 
0.8931599 1.189137 18.30146 17.65602 27.12716 18.48314 
0.786303 1.063415 18.3107 18.18986 25.82165 17.9947 
0.8882632 1.18321 17.82685 17.78919 34.25512 18.39153 
0.9083788 1.222152 18.53898 16.04871 27.79729 20.49337 
0.9337468 1.226909 17.95156 17.9908 27.34609 18.57517 
0.8815074 1.177482 17.82476 16.95988 24.10089 19.69094 
0.7855849 1.094798 17.97833 17.79587 27.58764 18.83914 
0.9371564 1.239765 18.4296 17.69873 27.9137 19.18288 
0.7949233 1.072031 17.7722 17.86603 39.62439 18.88324 
0.8267086 1.126525 17.51754 17.33603 38.48241 19.47875 
0.8756752 1.165058 18.62134 17.52481 25.52542 19.49517 
0.8826516 1.168984 18.12592 16.91833 25.77626 20.10749 
0.9232259 1.228807 18.13053 17.92788 26.73053 19.10508 
0.9504991 1.266205 18.46871 17.08681 28.89988 19.99312 
0.8784337 1.171796 18.10459 17.29948 32.56179 19.81908 
0.891933 1.185516 17.87181 18.1965 27.78504 19.03344 
0.8640192 1.154692 18.06718 17.53978 38.98554 19.58597 
0.8529608 1.146282 17.91504 16.97792 28.33497 20.34519 
0.9577627 1.247993 18.21819 17.40193 30.98903 19.90437 
0.8619161 1.15623 17.53698 17.75538 36.23434 19.66859 
0.8769138 1.160797 17.6519 17.50088 26.17036 20.1024 
0.8064628 1.099604 17.89638 17.78661 28.64719 19.88795 
0.9435256 1.256478 18.47467 16.77098 24.7477 20.97243 
0.9241257 1.23056 18.73365 17.67905 25.16538 20.15088 
0.8842022 1.170774 18.19045 16.96094 31.26514 20.88533 
0.8183932 1.112429 17.46836 17.5168 35.42183 20.33745 
0.9243171 1.231143 17.87731 16.76588 31.56958 21.20589 
0.9032919 1.205247 18.08015 17.03182 26.06973 21.06779 
0.8219922 1.094949 17.58292 17.72626 29.7124 20.52806 
0.7779815 1.063538 18.02585 17.37795 20.23972 21.41873 
0.9320939 1.234692 18.44659 17.82501 26.22623 21.9419 
0.907191 1.208141 18.16962 16.39925 25.80505 23.91441 
0.8971775 1.20418 17.65572 17.22878 29.55681 23.0812 
0.8925948 1.187024 17.2181 17.11469 25.91462 23.76481 
0.6291885 1.003828 19.06705 16.99536 25.91249 16.84455 
0.6514201 0.9877264 18.64134 18.12676 26.98479 17.77669 
0.6284754 0.9655972 18.16575 17.53482 25.64641 17.34204 
0.6674709 1.034307 18.47106 18.6638 26.00088 16.4115 
0.9628963 1.302949 18.31658 17.10698 27.32218 17.12576 
0.6038563 0.9346223 18.24359 17.00466 27.49387 18.01125 
0.8001182 1.141032 19.93056 17.65862 31.72363 17.76849 
0.6422334 0.9842093 18.44966 17.25168 24.58565 18.09696 
0.5988452 0.9271145 18.54798 16.83671 28.21204 17.74954 
0.6361811 0.9858832 18.59954 17.09824 39.1529 17.40185 
0.6119018 0.9505122 17.9776 17.19337 26.05013 18.06897 
0.5307298 0.8688564 18.98747 17.76544 21.51921 18.71633 
0.6123991 0.9409697 17.56598 17.29121 28.90526 16.62371 
0.87849 1.214217 18.10283 17.0253 23.48851 18.31497 
0.6186326 0.9433007 18.31542 16.86612 30.17663 18.08374 
0.6426899 0.9861877 18.68949 17.28078 34.37415 18.63955 
0.5948524 0.9247894 18.23827 17.0676 29.34968 17.18738 
0.6231229 0.9580107 18.4787 17.4823 34.23388 17.62633 
0.6071002 0.951438 18.115 16.64125 27.56025 19.36767 
0.6448987 0.9817002 17.98744 17.74236 26.43302 18.18456 
0.6292238 0.9822967 18.94343 16.82362 30.12326 18.50906 
0.6173859 0.9586682 18.16266 16.85755 27.69088 19.0889 
0.6613407 1.021537 18.45759 18.61495 24.67218 17.9198 
0.6626315 1.009858 18.8155 17.37555 26.43733 19.76542 
0.6379409 0.9802489 20.16943 17.65982 27.82455 19.00808 
0.6056359 0.9328549 17.70934 17.36778 26.93695 18.41328 
0.6419106 0.9632397 18.17576 17.85472 26.7625 17.00114 
0.7208271 1.042877 17.6236 16.97969 26.9303 18.40183 
0.6060879 0.9391439 18.38545 17.09859 27.17976 18.50579 
0.5508983 0.8518384 16.9996 17.42819 31.46305 16.69865 
0.6467648 1.027464 18.77207 17.07795 27.77671 19.54451 
0.5026765 0.7609444 18.36363 18.27025 35.12829 17.09164 
0.492712 0.7613862 17.54667 17.50751 31.01015 17.87028 
0.6299384 0.9683781 18.52338 17.87467 25.98415 18.7816 
0.5561411 0.872683 17.25335 16.92724 26.03488 17.15295 
0.6023321 0.9358578 18.0155 16.40139 27.13576 17.87958 
0.5796466 0.8955841 17.98471 17.85415 30.76886 17.58909 
0.8216205 1.152772 18.44888 18.56263 25.43161 17.72836 
0.5339482 0.863379 18.02381 18.17431 30.94001 18.35581 
0.5879264 0.9333379 17.43505 16.78631 32.68998 17.24432 
0.5997477 0.9384434 18.13741 16.97535 26.61812 18.09618 
0.5602763 0.8718073 17.82593 17.30125 24.07333 17.95024 
0.5544467 0.890177 17.83278 18.48227 25.56999 18.21701 
0.6285644 0.9716721 18.86948 17.9809 31.81578 20.7086 
0.7396014 1.041576 17.01542 18.10028 28.03273 15.9762 
0.5869915 0.9693418 17.98906 17.50322 30.60016 18.32441 
0.5848258 0.9068902 17.7538 16.80227 26.82568 17.93689 
0.6134198 0.9305067 17.68132 17.03704 24.96064 19.73465 
0.6192296 0.9530857 18.49441 18.31574 29.95506 19.6713 
0.5783291 0.8919485 19.0926 17.50388 30.9322 19.05005 
0.626734 0.9658327 18.73148 18.09691 24.61592 20.52632 
0.5606055 0.878788 17.28906 17.32064 37.07752 17.6856 
0.558212 0.8659897 18.10311 16.15886 24.16617 19.37588 
0.5420976 0.8717077 18.21546 17.82257 27.61939 19.76809 
0.5693676 1.025383 17.11991 16.54882 27.66571 18.20569 
0.6139786 0.9485972 18.48133 16.93454 25.85435 20.11548 
0.6032712 0.9554062 18.39275 17.1645 35.56625 18.69647 
0.5421255 0.8602161 17.56433 17.58949 28.63073 17.01219 
0.5367599 0.8352089 16.38086 16.73186 34.80359 16.06079 
0.5902629 0.9313095 18.07935 17.83962 42.86166 18.04619 
0.5943229 0.9066024 17.67705 16.85577 28.64284 18.54863 
0.7332895 1.051842 18.83859 17.28615 27.28618 19.27891 
0.5441098 0.8754578 17.10836 17.11588 36.83786 17.83774 
0.569221 0.8781154 17.62727 17.66616 38.70952 17.49489 
0.8255963 1.199854 17.69921 17.25699 29.42765 16.95924 
0.6317539 0.9411576 17.53307 18.55203 23.85775 16.79173 
0.544414 0.8438256 17.37523 16.85264 30.13343 18.16659 
0.6337624 0.9725599 17.99725 18.24284 31.78279 20.47987 
0.5473132 0.893338 18.17901 18.62308 30.45225 17.44353 
0.5347013 0.861758 18.28019 18.5393 26.05752 18.93175 
0.5943375 0.9228301 17.99151 17.07797 30.62712 19.26937 
0.7645888 1.077326 17.902 17.64267 29.72994 18.63819 
0.5674138 0.8777058 17.36216 16.74323 31.20461 18.53212 
0.6142564 0.943301 18.10448 18.09272 33.10496 18.50442 
0.5818701 1.094411 17.6546 18.1715 53.34259 17.22841 
0.6066079 0.9496367 17.912 17.53973 28.8519 19.54194 
0.517664 0.8839731 16.59932 18.62021 32.25135 15.43336 
0.5397401 0.8521245 16.64322 16.91383 37.06402 17.47056 
0.5404439 0.8542812 17.04004 18.51359 28.97422 17.98882 
0.5852549 0.9030979 17.01755 10.94193 16.29685 9.150199 
0.5451338 0.8527031 16.93561 9.963181 15.71223 8.580652 
0.5814857 0.8896434 16.97035 10.72833 14.81442 8.160037 
0.5918391 0.9184484 17.60068 10.41925 14.67344 9.529829 
0.5198848 0.8179007 15.84945 10.04192 17.30656 9.054794 
0.4967532 0.7663655 15.48207 9.69129 18.23022 8.816341 
0.6125197 0.9464478 18.25097 10.8532 15.37219 10.53727 
0.5268416 0.8262005 16.04985 10.63268 16.39858 8.862753 
0.4796779 0.7476711 13.75577 9.388204 16.37496 8.88006 
0.5346496 0.8269238 16.64796 10.73556 24.65768 7.849239 
0.3982184 0.6146746 11.71578 10.91674 18.14207 9.573823 
0.5705261 0.915045 16.6794 10.68954 13.20374 10.84505 
0.5143342 0.812181 13.77102 10.43125 17.73905 7.896192 
0.532388 0.8247409 12.92525 9.995359 20.89993 8.48003 
0.5572312 0.875936 16.98368 10.53234 16.30161 9.598449 
0.5451722 0.8494952 16.87296 10.64164 21.59986 9.390326 
0.497086 0.7762141 15.53965 9.877569 16.07713 9.573081 
0.6698344 1.010561 15.22948 12.48875 19.26284 9.653517 
0.5552833 0.8539379 16.64568 10.95132 14.30469 9.154868 
0.5553303 0.8806255 16.88603 10.19362 16.20086 9.969804 
0.5197473 0.8164012 16.58125 10.80096 17.64479 9.131067 
0.4684463 0.7334504 14.62997 9.446874 16.47122 9.578688 
0.4784143 0.7481971 15.21996 10.69186 19.13213 9.12117 
0.4851165 0.749332 15.08474 10.36475 17.46828 8.321506 
0.5162094 0.808707 16.12456 10.42557 17.78303 9.201429 
0.483417 0.7412558 10.16782 10.35337 16.27855 9.231836 
0.5192218 0.8127611 16.52274 11.30107 14.73291 9.179522 
0.5168393 0.8202267 16.38643 10.48931 15.67043 9.519887 
0.5233505 0.8170912 16.34784 10.4786 22.29225 9.559506 
0.5320249 0.859952 18.03957 11.54963 16.81496 12.04843 
0.4974945 0.7748621 15.52076 10.10809 17.43521 10.68624 
0.4583118 0.7265868 15.04615 9.745902 18.39942 10.38168 
0.4746327 0.7520134 15.17733 10.31411 20.46662 10.04571 
0.4761245 0.7459719 15.23368 11.1377 25.43724 10.23628 
0.4895964 0.7577686 14.93216 13.35321 22.49827 6.821192 
0.5119913 0.8107359 16.31078 10.80144 29.96315 12.12604 
0.4516146 0.6350667 10.22401 10.84132 27.8302 11.10117 
0.5855889 0.9039662 17.13238 12.42941 25.77379 11.43482 
0.5347331 0.8404348 16.07984 12.22126 26.71191 9.731478 
0.4903314 0.7653174 14.91234 12.28582 24.06424 9.965151 
0.4717669 0.7305124 14.40954 11.17107 15.29477 7.516604 
0.4905262 0.7674677 11.73122 12.13369 26.70224 10.00826 
