0.08789168 0.08789168 
0.08374896 0.08374896 
0.1541367 0.1541367 
0.08488809 0.08488809 
0.08952166 0.08952166 
0.08304704 0.08304704 
0.07842465 0.07842465 
0.3962555 0.3962555 
0.0913346 0.0913346 
0.4267661 0.4267661 
0.4344342 0.4344342 
0.08789737 0.08789737 
0.07808875 0.07808875 
0.07951919 0.07951919 
0.08236109 0.08236109 
0.08918681 0.08918681 
0.08338956 0.08338956 
0.08233513 0.08233513 
0.08998735 0.08998735 
0.08730577 0.08730577 
0.08036795 0.08036795 
0.07414164 0.07414164 
0.08796985 0.08796985 
0.0938389 0.0938389 
0.09085478 0.09085478 
0.08352752 0.08352752 
0.06830768 0.06830768 
0.08048174 0.08048174 
0.0915735 0.0915735 
0.0830791 0.0830791 
0.09387575 0.09387575 
0.07669812 0.07669812 
0.08227108 0.08227108 
0.075652 0.075652 
0.08651294 0.08651294 
0.07837402 0.07837402 
0.07513747 0.07513747 
0.07999831 0.07999831 
0.08371636 0.08371636 
0.089693 0.089693 
0.08471307 0.08471307 
0.08044431 0.08044431 
0.09045581 0.09045581 
0.08583244 0.08583244 
0.09277785 0.09277785 
0.4023641 0.4023641 
0.08871109 0.08871109 
0.08409738 0.08409738 
0.08777159 0.08777159 
0.09290969 0.09290969 
0.07908304 0.07908304 
0.08492879 0.08492879 
0.08297192 0.08297192 
0.08829434 0.08829434 
0.07426683 0.07426683 
0.2901338 0.2901338 
0.4074023 0.4074023 
0.08610135 0.08610135 
0.08354033 0.08354033 
0.08137098 0.08137098 
0.4322696 0.4322696 
0.09053586 0.09053586 
0.07092193 0.07092193 
0.07700446 0.07700446 
0.08501638 0.08501638 
0.08497795 0.08497795 
0.08123766 0.08123766 
0.09377843 0.09377843 
0.0744828 0.0744828 
0.08916166 0.08916166 
0.09364875 0.09364875 
0.08029794 0.08029794 
0.08451549 0.08451549 
0.08401807 0.08401807 
0.3973146 0.3973146 
0.075479 0.075479 
0.08160505 0.08160505 
0.08560402 0.08560402 
0.07986621 0.07986621 
0.08154028 0.08154028 
0.06082166 0.06082166 
0.05902987 0.05902987 
0.08964517 0.08964517 
0.08047235 0.08047235 
0.08570378 0.08570378 
0.07382116 0.07382116 
0.06904996 0.06904996 
0.06049564 0.06049564 
0.07703152 0.07703152 
0.07489872 0.07489872 
0.08279024 0.08279024 
0.07675065 0.07675065 
0.08138634 0.08138634 
0.07914438 0.07914438 
0.0854861 0.0854861 
0.08766691 0.08766691 
0.08989583 0.08989583 
0.07756834 0.07756834 
0.08432616 0.08432616 
0.08197636 0.08197636 
