0.03125112 0.0234807 
0.03091811 0.01941488 
0.03137571 0.01711669 
0.03103873 0.02024163 
0.03167208 0.01913767 
0.0313111 0.01933923 
0.03114056 0.01577722 
0.03138579 0.01849876 
0.030996 0.02801996 
0.03021559 0.01657946 
0.03115367 0.02348773 
0.03220632 0.01891718 
0.0313286 0.01735907 
0.03133113 0.01859898 
0.03103019 0.0174336 
0.03147781 0.01825969 
0.03099277 0.0297045 
0.03172962 0.0202086 
0.03152736 0.01767299 
0.03147157 0.01865856 
0.03110739 0.01786132 
0.03065502 0.01707079 
0.03115114 0.0284257 
0.03155694 0.0186568 
0.03156076 0.01933216 
0.03179492 0.01750733 
0.03084727 0.02156649 
0.03074174 0.01723589 
0.0311363 0.01645758 
0.03158863 0.01685546 
0.03068646 0.01894111 
0.0318233 0.01969551 
0.03091541 0.01901971 
0.03129296 0.02008061 
0.03051523 0.01733406 
0.03091578 0.01971266 
0.03161216 0.02297286 
0.03150632 0.02626415 
0.03165079 0.01870213 
0.03096935 0.0183541 
0.03165061 0.01680313 
0.03200546 0.01843696 
0.0306098 0.01829543 
0.03081354 0.02992615 
0.03143255 0.01794241 
0.03133663 0.02860682 
0.03153219 0.01566794 
0.03104611 0.02247804 
0.03160191 0.03139236 
0.03115319 0.01664666 
0.03091406 0.02103256 
0.03088689 0.01555616 
0.03067609 0.01707695 
0.03146507 0.01926537 
0.03160174 0.01978004 
0.03135971 0.01526276 
0.03146182 0.01467789 
0.03142686 0.02563723 
0.03038781 0.01646821 
0.03148732 0.01797364 
0.03162872 0.01629105 
0.03059376 0.01518044 
0.03154662 0.01873248 
0.03111812 0.01517893 
0.03097707 0.01821763 
0.03189146 0.03028931 
0.03163099 0.01842506 
0.03179859 0.01832662 
0.03132695 0.01874952 
0.03185092 0.02682447 
0.03180816 0.02020243 
0.03101033 0.01732075 
0.03113714 0.02616008 
0.03104465 0.02037054 
0.03156507 0.02106458 
0.03100298 0.01870481 
0.03096852 0.02043972 
0.03143654 0.01439383 
0.03095328 0.01841458 
0.03090283 0.02066773 
0.03112682 0.01677352 
0.03142808 0.01876237 
0.03093305 0.01898522 
0.03146194 0.01850649 
0.03203024 0.01491828 
0.03195872 0.01869566 
0.03112351 0.01836761 
0.03164018 0.01366018 
0.03048489 0.01746677 
0.03184594 0.01602785 
0.03083511 0.02356954 
0.0313888 0.02109932 
0.0313925 0.01506753 
0.03105308 0.01799543 
0.03187492 0.01738062 
0.03131903 0.01729126 
0.0314264 0.01713497 
0.03051426 0.0168245 
0.03076642 0.0189039 
0.03087017 0.01688017 
