0.03604563 0.03604563 1 1 1 0.8965875 
0.03303764 0.03303764 1 1 1 0.7899494 
0.03589162 0.03589162 1 1 1 0.902563 
0.04069533 0.04069533 1 1 1 0.9021564 
0.04184357 0.04184357 1 1 1 0.7947626 
0.04050655 0.04050655 1 1 1 0.7838424 
0.04273935 0.04273935 1 1 1 0.6540678 
0.04110136 0.04110136 1 1 1 0.7801534 
0.03929462 0.03929462 1 1 1 0.8974968 
0.04282059 0.04282059 1 1 1 0.7835635 
0.03840779 0.03840779 1 1 1 0.4634724 
0.04351427 0.04351427 1 1 1 0.6441251 
0.0411546 0.0411546 1 1 1 0.7895116 
0.04073355 0.04073355 1 1 1 0.7936217 
0.042905 0.042905 1 1 1 1 
0.03839848 0.03839848 1 1 1 0.8978765 
0.0425758 0.0425758 1 1 1 1 
0.04118559 0.04118559 1 1 1 0.7794404 
0.04243315 0.04243315 1 1 1 0.7824627 
0.03971674 0.03971674 1 1 1 1.068341 
0.04239003 0.04239003 1 1 1 0.7813337 
0.04747529 0.04747529 1 1 1 0.8948452 
0.04192414 0.04192414 1 1 1 0.8998043 
0.04454542 0.04454542 1 1 1 0.7858127 
0.03927256 0.03927256 1 1 1 0.7839214 
0.04222102 0.04222102 1 1 1 1 
0.0377175 0.0377175 1 1 1 0.7856976 
0.04198612 0.04198612 1 1 1 1 
0.04241043 0.04241043 1 1 1 1.062394 
0.04118144 0.04118144 1 1 1 0.7805904 
0.04156036 0.04156036 1 1 1 0.7792546 
0.04331312 0.04331312 1 1 1 1.029996 
0.04421321 0.04421321 1 1 1 0.4288503 
0.04066105 0.04066105 1 1 1 0.9008347 
0.04560281 0.04560281 1 1 1 0.9554456 
0.03937556 0.03937556 1 1 1 0.897027 
0.04175484 0.04175484 1 1 1 0.6467962 
0.0363902 0.0363902 1 1 1 1.094157 
0.04313885 0.04313885 1 1 1 0.9075733 
0.03900936 0.03900936 1 1 1 1 
0.0425598 0.0425598 1 1 1 0.8986957 
0.04385365 0.04385365 1 1 1 0.8947816 
0.04327642 0.04327642 1 1 1 1.024407 
0.0404742 0.0404742 1 1 1 0.8972139 
0.04373679 0.04373679 1 1 1 0.7813566 
0.03967881 0.03967881 1 1 1 1.02874 
0.04356383 0.04356383 1 1 1 0.7857522 
0.03797751 0.03797751 1 1 1 0.6483951 
0.03748231 0.03748231 1 1 1 0.7907182 
0.0407604 0.0407604 1 1 1 0.7888534 
0.0416149 0.0416149 1 1 1 0.7783354 
0.03801887 0.03801887 1 1 1 0.7841565 
0.03779768 0.03779768 1 1 1 0.7842608 
0.02803993 0.02803993 1 1 1 0.780481 
0.03734951 0.03734951 1 1 1 0.7856474 
0.04376575 0.04376575 1 1 1 0.6489025 
0.04730004 0.04730004 1 1 1 0.8954613 
0.04403679 0.04403679 1 1 1 0.9080944 
0.04521971 0.04521971 1 1 1 0.7914289 
0.03753242 0.03753242 1 1 1 0.7871548 
0.04385279 0.04385279 1 1 1 0.9045253 
0.0399085 0.0399085 1 1 1 1.031698 
0.04254963 0.04254963 1 1 1 0.6399266 
0.04163258 0.04163258 1 1 1 1.023623 
0.04214704 0.04214704 1 1 1 1 
0.04019572 0.04019572 1 1 1 0.7841755 
0.04140744 0.04140744 1 1 1 0.6363307 
0.03759327 0.03759327 1 1 1 0.7873921 
0.0426054 0.0426054 1 1 1 0.8954184 
0.04286753 0.04286753 1 1 1 0.6427145 
0.04136851 0.04136851 1 1 1 0.8045341 
0.03816232 0.03816232 1 1 1 0.7786067 
0.04232932 0.04232932 1 1 1 0.468625 
0.04257245 0.04257245 1 1 1 0.896391 
0.04099559 0.04099559 1 1 1 1.019683 
0.04208792 0.04208792 1 1 1 0.7850204 
0.04533325 0.04533325 1 1 1 1 
0.03892166 0.03892166 1 1 1 0.8977414 
0.1885052 0.1885052 1 1 1 0.7774774 
0.0393354 0.0393354 1 1 1 0.6483153 
0.04408458 0.04408458 1 1 1 0.9093871 
0.04025907 0.04025907 1 1 1 0.7835579 
0.04122058 0.04122058 1 1 1 0.9006822 
0.04677519 0.04677519 1 1 1 0.898985 
0.03853793 0.03853793 1 1 1 0.6480462 
0.0447954 0.0447954 1 1 1 0.7876023 
0.04171475 0.04171475 1 1 1 0.9047464 
0.02773683 0.02773683 1 1 1 0.8977704 
0.04498532 0.04498532 1 1 1 0.7761057 
0.04717376 0.04717376 1 1 1 0.89579 
0.04423328 0.04423328 1 1 1 0.7801768 
0.04354699 0.04354699 1 1 1 0.8954248 
0.04034649 0.04034649 1 1 1 0.4590256 
0.04378042 0.04378042 1 1 1 0.7789541 
0.04235204 0.04235204 1 1 1 0.6614288 
0.1730191 0.1730191 1 1 1 1.030069 
0.04647159 0.04647159 1 1 1 0.7887451 
0.04508622 0.04508622 1 1 1 0.779662 
0.04091191 0.04091191 1 1 1 1.038685 
0.03958045 0.03958045 1 1 1 1 
