0.343067 0.343067 
0.08549746 0.08549746 
0.07826074 0.07826074 
0.08932933 0.08932933 
0.07985284 0.07985284 
0.08579216 0.08579216 
0.3314933 0.3314933 
0.08958338 0.08958338 
0.07728161 0.07728161 
0.3815729 0.3815729 
0.08175984 0.08175984 
0.07865951 0.07865951 
0.08970128 0.08970128 
0.08278725 0.08278725 
0.09137909 0.09137909 
0.07578625 0.07578625 
0.08856387 0.08856387 
0.4403045 0.4403045 
0.07436269 0.07436269 
0.06335597 0.06335597 
0.08557277 0.08557277 
0.486803 0.486803 
0.3845814 0.3845814 
0.07670154 0.07670154 
0.08770245 0.08770245 
0.08301052 0.08301052 
0.0584358 0.0584358 
0.08075922 0.08075922 
0.08767652 0.08767652 
0.08773004 0.08773004 
0.08403685 0.08403685 
0.09456152 0.09456152 
0.08193843 0.08193843 
0.0748929 0.0748929 
0.07463659 0.07463659 
0.08655356 0.08655356 
0.0820603 0.0820603 
0.08412024 0.08412024 
0.09043857 0.09043857 
0.07701725 0.07701725 
0.08298233 0.08298233 
0.09104705 0.09104705 
0.07743732 0.07743732 
0.08069317 0.08069317 
0.07556412 0.07556412 
0.08556808 0.08556808 
0.08945788 0.08945788 
0.0863317 0.0863317 
0.05141704 0.05141704 
0.09227845 0.09227845 
0.07919546 0.07919546 
0.06406655 0.06406655 
0.4158709 0.4158709 
0.08532313 0.08532313 
0.07708934 0.07708934 
0.0815971 0.0815971 
0.07379733 0.07379733 
0.09467786 0.09467786 
0.07908203 0.07908203 
0.08294121 0.08294121 
0.08089342 0.08089342 
0.06441401 0.06441401 
0.09651068 0.09651068 
0.3498405 0.3498405 
0.07266186 0.07266186 
0.0807509 0.0807509 
0.09972697 0.09972697 
0.08005224 0.08005224 
0.09145648 0.09145648 
0.07758941 0.07758941 
0.08756649 0.08756649 
0.08225288 0.08225288 
0.08258589 0.08258589 
0.08501062 0.08501062 
0.07792609 0.07792609 
0.07523227 0.07523227 
0.09107702 0.09107702 
0.08605589 0.08605589 
0.07610034 0.07610034 
0.07605617 0.07605617 
0.08163141 0.08163141 
0.07939489 0.07939489 
0.08364241 0.08364241 
0.08457746 0.08457746 
0.07353976 0.07353976 
0.07956268 0.07956268 
0.08131574 0.08131574 
0.08830452 0.08830452 
0.09207125 0.09207125 
0.08846305 0.08846305 
0.08039714 0.08039714 
0.09191258 0.09191258 
0.0842371 0.0842371 
0.07266338 0.07266338 
0.08840559 0.08840559 
0.08724934 0.08724934 
0.09261428 0.09261428 
0.08541117 0.08541117 
0.08562746 0.08562746 
0.08596551 0.08596551 
