0.05812822 0.05319582 
0.06396089 0.05572018 
0.05380632 0.0469235 
0.05127714 0.04669298 
0.06958521 0.04899671 
0.05310525 0.03590141 
0.0652028 0.05022434 
0.044737 0.03864862 
0.06440273 0.05828272 
0.05445492 0.04361716 
0.08138415 0.06805206 
0.04619133 0.04081738 
0.05864261 0.04940058 
0.04851371 0.04082668 
0.04478133 0.04180441 
0.06124285 0.05166455 
0.04661096 0.04097386 
0.05093109 0.04845745 
0.03807943 0.03403345 
0.05732653 0.04683797 
0.05054699 0.04340458 
0.05222254 0.04028656 
0.04290876 0.03767534 
0.03943905 0.03257372 
0.05086394 0.04808065 
0.04246884 0.03081697 
0.06340908 0.06053087 
0.05798588 0.04802204 
0.06132106 0.04416802 
0.06144276 0.04578385 
0.05729888 0.049441 
0.04136201 0.03913101 
0.05660647 0.05395731 
0.04946846 0.03887785 
0.05173887 0.0438691 
0.05120357 0.04093067 
0.04660906 0.04032691 
0.0457696 0.03974521 
0.04077944 0.03343785 
0.05751199 0.04408593 
0.05268518 0.04777964 
0.04962988 0.04801189 
0.05665917 0.04605618 
0.06830319 0.04509667 
0.05677156 0.05344196 
0.04445652 0.04215414 
0.05798972 0.04603958 
0.04968941 0.04496587 
0.05215451 0.05066834 
0.03914453 0.03466515 
0.0516628 0.04656477 
0.0603595 0.05717552 
0.04597941 0.04344401 
0.04793367 0.04431136 
0.04530581 0.03320116 
0.05624664 0.05255012 
0.04666779 0.0412112 
0.05361821 0.0462313 
0.05540837 0.05109892 
0.05507965 0.04305258 
0.05136874 0.03653829 
0.04824182 0.04569818 
0.05074652 0.04828558 
0.06230893 0.05725763 
0.05492124 0.04110716 
0.05208172 0.0401131 
0.04425196 0.03701269 
0.04582543 0.04400312 
0.04606331 0.04094257 
0.05330075 0.0402495 
0.06210179 0.05008452 
0.05025869 0.0444341 
0.05980311 0.05547288 
0.04394674 0.03670906 
0.05213842 0.04508453 
0.0658182 0.05602376 
0.05867222 0.0413838 
0.05464421 0.04413651 
0.05372898 0.04744068 
0.05966699 0.0432551 
0.05051741 0.04459718 
0.03988007 0.03540143 
0.0464122 0.04186641 
0.04049993 0.03390001 
0.05875323 0.03458062 
0.04555705 0.03608975 
0.06001129 0.0502943 
0.04638075 0.04165238 
0.05725836 0.04987662 
0.06995753 0.05309935 
0.04841644 0.04008589 
0.06179539 0.04530468 
0.04152577 0.03399546 
0.06503337 0.05315377 
0.04546732 0.03723236 
0.06369895 0.05911705 
0.05909056 0.05323569 
0.05983747 0.05668944 
0.06457105 0.0586407 
0.04043788 0.03775117 
