1.457346 2.057862 
1.483472 1.855 
1.594979 2.183135 
1.499367 2.050149 
1.64001 2.23335 
1.429474 1.745641 
1.868055 2.542379 
1.703602 2.317056 
1.752665 2.450538 
1.874885 2.566818 
1.945348 2.646949 
1.781573 2.459082 
0.7309682 1.048941 
0.5978339 0.8671842 
0.6213713 0.8941262 
0.6728244 0.9611118 
0.7022467 0.9968004 
0.9403651 1.33998 
1.522043 2.176353 
1.55255 2.272766 
1.266416 1.800944 
1.313782 1.898117 
1.196368 1.697697 
0.9768074 1.381187 
0.6607852 1.179384 
1.010417 1.484472 
0.9870017 1.534219 
0.7476492 1.025512 
0.9362411 1.40543 
0.7484524 1.014038 
0.5605893 0.8224893 
0.6619568 0.9239612 
0.6084247 0.8607345 
0.7097676 0.9737678 
0.9003265 1.271206 
0.8211052 1.133838 
1.056947 1.666505 
1.261505 1.960682 
1.442467 2.202524 
1.492663 2.183803 
0.593966 0.846261 
0.5439 0.7910607 
0.9005051 1.439295 
0.6106081 1.115946 
0.5900531 0.8479397 
0.7748234 1.133781 
0.8765409 1.492979 
1.542256 2.279676 
1.153118 1.837744 
1.458138 1.922775 
0.7081389 0.9595227 
0.6835859 0.9668097 
0.6226754 0.8670268 
1.53936 2.255816 
0.4529881 0.6985164 
0.5026329 0.7499335 
0.586472 0.8244219 
0.5052695 0.7516603 
0.529341 0.7689192 
0.5217965 0.7723961 
0.5025241 0.7543662 
0.4990354 0.7475388 
1.145664 1.673862 
0.6729372 0.9698522 
1.138375 1.805222 
1.163357 1.859005 
0.5235898 0.7653043 
0.5126379 0.7543523 
1.571537 2.247797 
0.475255 0.7180839 
0.5197346 0.75985 
0.4685445 0.7057955 
1.366643 2.124217 
0.5477538 0.7922595 
0.5367286 0.7769988 
0.8292994 1.055372 
0.5134084 0.7425106 
0.472079 0.6884413 
1.264213 1.875902 
1.278614 1.960841 
1.215214 1.813479 
0.7478769 1.014379 
1.18044 1.724982 
0.9492304 1.357425 
0.679841 0.9827092 
0.7602797 1.021623 
0.667907 0.9280899 
0.6363134 0.9077866 
1.038115 1.459755 
1.241489 1.884046 
0.6712449 0.9529433 
0.6551723 0.9457197 
0.5683613 0.8191564 
0.5796742 0.8499091 
1.041623 1.486696 
0.701658 0.9672935 
0.8238764 1.136639 
0.7426667 1.008868 
0.7457845 1.033933 
0.7128143 0.9916344 
