0.03819146 0.03598939 
0.04276584 0.03992845 
0.04589897 0.04571611 
0.04420949 0.0400807 
0.05000583 0.04701713 
0.06207309 0.05373012 
0.0436009 0.04191039 
0.06965097 0.04912833 
0.06217422 0.05266939 
0.04144839 0.0367112 
0.0477632 0.03985319 
0.04285118 0.03851629 
0.04379688 0.03828255 
0.0451698 0.03879623 
0.04698281 0.04131793 
0.04576494 0.04030097 
0.04471477 0.04123474 
0.04270757 0.03754383 
0.04330462 0.03845928 
0.04154509 0.03529911 
0.03929819 0.03485834 
0.0423247 0.03969936 
0.05260866 0.04333511 
0.05482128 0.04471455 
0.04569036 0.03697576 
0.0496845 0.04563544 
0.03977384 0.03226348 
0.05524838 0.0503012 
0.04010921 0.03640359 
0.04069868 0.03715788 
0.0417706 0.03748212 
0.04507137 0.03957585 
0.04233661 0.03606274 
0.04148059 0.03740332 
0.04479383 0.04228607 
0.04393629 0.03838653 
0.04583074 0.04122699 
0.04327868 0.03764776 
0.04832105 0.04335725 
0.04416463 0.04073243 
0.04735231 0.04157597 
0.05165711 0.04750605 
0.05536392 0.04709497 
0.05058996 0.04661484 
0.03832667 0.03713286 
0.04595029 0.04385818 
0.04149771 0.03810139 
0.04310377 0.04369284 
0.04670598 0.03718308 
0.04003642 0.03771425 
0.04936467 0.04235842 
0.04622564 0.0405562 
0.04332056 0.03569248 
0.04727869 0.04067692 
0.04189692 0.03952777 
0.04936148 0.04846333 
0.04822316 0.04565224 
0.04930389 0.04468326 
0.05001064 0.04507826 
0.04040239 0.0386606 
0.05181277 0.03894189 
0.04597595 0.04168741 
0.03923534 0.03332056 
0.04896995 0.04264946 
0.05153043 0.04369039 
0.05261202 0.04134863 
0.04169963 0.03957584 
0.04105386 0.03908796 
0.04083057 0.03669875 
0.05473777 0.04513359 
0.04625125 0.0420205 
0.05230378 0.04499761 
0.04302383 0.04100316 
0.04695049 0.04094741 
0.04293494 0.03471716 
0.04457442 0.03666541 
0.04058192 0.03700218 
0.04401315 0.03911991 
0.05082948 0.04451741 
0.04483589 0.04058499 
0.04134975 0.03801063 
0.04034302 0.03712607 
0.05010717 0.04721198 
0.04250536 0.04129248 
0.0477067 0.04762714 
0.04016918 0.03560639 
0.04401678 0.04072691 
0.04221458 0.03778347 
0.05425855 0.0489233 
0.04447274 0.03703251 
0.04315035 0.03543742 
0.04784999 0.03966643 
0.05275204 0.04474094 
0.04171739 0.03648784 
0.04011731 0.03830966 
0.04427813 0.0425485 
0.04676297 0.04201733 
0.04899557 0.03817827 
0.04552855 0.03940033 
0.03972347 0.03661485 
