0.03620821 0.03445746 
0.03427813 0.0337623 
0.03699318 0.03625656 
0.0347832 0.03468231 
0.03570089 0.03548325 
0.03689131 0.03623111 
0.03473305 0.03303513 
0.03443943 0.03340482 
0.03738824 0.03666751 
0.03894432 0.03740871 
0.03810468 0.03518151 
0.03359148 0.0332105 
0.03533988 0.03487249 
0.03589129 0.0358872 
0.03452219 0.03353442 
0.03737136 0.03544867 
0.03598806 0.03441312 
0.03761044 0.03692489 
0.1137306 0.09485354 
0.03865375 0.03761847 
0.05134488 0.0485951 
0.03735904 0.03739428 
0.03397575 0.03343208 
0.04014178 0.03809547 
0.03812975 0.0368816 
0.03960658 0.03918273 
0.03870965 0.03848553 
0.03834854 0.03756991 
0.03977092 0.04049697 
0.03612185 0.03272101 
0.03766738 0.03674235 
0.03675065 0.03594601 
0.03512477 0.03355168 
0.03792529 0.0377298 
0.03592764 0.03471936 
0.03686647 0.03503377 
0.03844487 0.03969331 
0.03638051 0.03544352 
0.03503481 0.03467303 
0.03814676 0.03674195 
0.03424769 0.03303097 
0.03499898 0.03450384 
0.03729918 0.03658436 
0.03873466 0.03789723 
0.04221067 0.04181346 
0.04207902 0.04082168 
0.03697639 0.03598754 
0.0357032 0.03474602 
0.03187876 0.03121404 
0.033756 0.0335631 
0.1112873 0.1023783 
0.03483917 0.03330541 
0.04397479 0.0426502 
0.03529487 0.03454304 
0.03431538 0.03345404 
0.04346927 0.04199115 
0.03420319 0.03376278 
0.03775893 0.03645392 
0.03668934 0.03586742 
0.03688949 0.03473702 
0.03762009 0.03711456 
0.03797504 0.03859666 
0.03876114 0.0378551 
0.03682889 0.03560092 
0.1039781 0.0945643 
0.03612708 0.03790126 
0.03464009 0.03349762 
0.03492391 0.03516131 
0.0404018 0.03756139 
0.03967554 0.03867793 
0.04101186 0.03935803 
0.04001601 0.0393531 
0.03557238 0.03498229 
0.03926489 0.03699836 
0.04059635 0.03915332 
0.03600595 0.03583832 
0.03598494 0.03504705 
0.03985151 0.03817609 
0.0384739 0.03725625 
0.0327969 0.03166615 
0.04102173 0.03844305 
0.03628945 0.03566244 
0.0388813 0.03696985 
0.03918256 0.03842143 
0.03516739 0.03536982 
0.04141234 0.04063038 
0.03454316 0.03396258 
0.03726968 0.03832428 
0.04147869 0.0404497 
0.03477606 0.03422402 
0.04038682 0.04035015 
0.0385803 0.03619003 
0.03387092 0.03296215 
0.03684917 0.03607995 
0.03647268 0.03575921 
0.033603 0.03282128 
0.0375645 0.03727069 
0.03724001 0.03566915 
0.03231899 0.03165434 
0.03611717 0.03502293 
