0.03931186 0.03544461 
0.04636605 0.04386511 
0.03937868 0.03679217 
0.04150123 0.03891986 
0.1155008 0.1060831 
0.04357441 0.04131278 
0.04154769 0.03884542 
0.04445682 0.04161165 
0.04291026 0.03855441 
0.04335216 0.04077316 
0.04356858 0.03997431 
0.03680384 0.03474183 
0.08559738 0.08243958 
0.04190338 0.03885789 
0.04374863 0.03970364 
0.04812612 0.04534526 
0.04837509 0.04487134 
0.04764419 0.04413892 
0.04729072 0.04393212 
0.03898807 0.03589771 
0.04894016 0.04406851 
0.04439401 0.04148744 
0.04373999 0.04039045 
0.04910516 0.04516366 
0.04252879 0.03889149 
0.05038332 0.0457058 
0.04618013 0.04301035 
0.04485173 0.04141306 
0.04246269 0.0374646 
0.04760555 0.04371231 
0.04183957 0.03973868 
0.0448789 0.04175798 
0.04445656 0.04037276 
0.04114309 0.03943015 
0.0466846 0.04346869 
0.04661597 0.0415529 
0.04409039 0.04144002 
0.04486137 0.04074107 
0.04587366 0.04363598 
0.04406169 0.04123596 
0.03893523 0.03712422 
0.03799084 0.03426483 
0.04021511 0.03654199 
0.04843605 0.04508604 
0.03923541 0.03653609 
0.04074738 0.03868887 
0.04142912 0.0383268 
0.04340242 0.04107394 
0.04030009 0.03784121 
0.0460571 0.04432986 
0.04876213 0.04443946 
0.04178743 0.03963017 
0.04472708 0.04087826 
0.04250893 0.03923607 
0.0414296 0.03828161 
0.04223112 0.03921024 
0.1108698 0.09924755 
0.03788239 0.03550452 
0.04442499 0.04174128 
0.05482902 0.05167462 
0.04236906 0.04058543 
0.04312307 0.04063256 
0.04703792 0.04323844 
0.03583328 0.03365906 
0.04552617 0.04241635 
0.04043001 0.03765817 
0.03753276 0.03505888 
0.0415795 0.038694 
0.04172171 0.040424 
0.03815052 0.03627578 
0.03992494 0.0364348 
0.04482972 0.04198304 
0.05477131 0.05036592 
0.04108697 0.03833744 
0.04690705 0.04404601 
0.04500221 0.04268149 
0.04676966 0.0426953 
0.04326617 0.03988477 
0.04354944 0.04067464 
0.03993881 0.03761024 
0.04224012 0.03905239 
0.04434723 0.04013755 
0.1129784 0.1096352 
0.04533899 0.04272007 
0.04515281 0.04214807 
0.04092847 0.03882238 
0.0472908 0.04478408 
0.04770804 0.04375342 
0.0731175 0.07000035 
0.04776042 0.04498041 
0.1153307 0.1113405 
0.04714418 0.04313999 
0.03962413 0.03802756 
0.04026913 0.03815449 
0.04381484 0.04147776 
0.04207424 0.03916165 
0.0380772 0.03677192 
0.04041788 0.03782276 
0.0524357 0.04884551 
0.04226734 0.04013297 
