0.8595748 1.143221 
0.8560846 1.138124 
0.8066978 1.097314 
0.8041437 1.091522 
0.8354189 1.091693 
0.7939796 1.085141 
0.8360236 1.082699 
0.8491948 1.096272 
0.8284628 1.095532 
0.8251426 1.102184 
0.9186947 1.182797 
0.831558 1.114124 
0.9802368 1.238587 
1.01658 1.269187 
0.8427596 1.090536 
0.6646614 0.9835737 
0.6827333 1.045208 
0.6466804 0.912961 
0.6053503 0.8751714 
0.6355579 0.9005086 
0.5382879 0.7305064 
0.5729034 0.8497586 
0.414885 0.6101639 
0.5251234 0.7015491 
0.3291967 0.5422382 
0.4699192 0.7293134 
0.3379986 0.6107714 
0.5319912 0.7097099 
0.4610243 0.7430749 
0.4351852 0.6060445 
0.5129797 0.7141981 
0.5505409 0.8106656 
0.6270275 0.9202585 
0.6248999 0.9363561 
0.6334734 0.9366758 
0.571897 1.068869 
0.5805261 0.8797975 
0.3303385 0.4995761 
0.615804 0.9236376 
0.5336061 0.725961 
0.5238161 0.731164 
0.55268 0.8225653 
0.3479881 0.5321839 
0.4951437 0.7876537 
0.6050382 0.8924367 
0.559787 0.8720696 
0.5239308 0.7783656 
0.5137074 0.7744894 
0.4063065 0.6037662 
0.5937397 0.8964696 
0.5189188 0.6994221 
0.6031721 0.8819556 
0.4262805 0.7135272 
0.308547 0.5038192 
0.5020137 0.7320077 
0.524528 0.783653 
0.5687654 0.8537147 
0.3260303 0.5859864 
0.572335 0.8614678 
0.5142665 0.6910079 
0.6231883 0.9517939 
0.402003 0.6618726 
0.6345062 0.8756299 
0.5371821 0.8628166 
0.5674784 0.8649597 
0.8798475 1.234195 
0.5697289 0.8087754 
0.6188512 0.9250126 
0.6047723 0.9415379 
0.3426814 0.6704671 
0.5475554 0.858175 
0.3717186 0.6688306 
0.3416064 0.6598573 
0.6160715 0.9299285 
0.5208304 0.8241944 
0.5287228 0.8400311 
0.530072 0.7263536 
0.6739426 0.9981966 
0.6271172 0.9294462 
0.5818689 0.9029164 
0.6305931 0.9500406 
0.8814361 1.188866 
0.5896814 1.081849 
0.5896068 1.064111 
0.5033009 0.7589929 
0.4589632 0.7852583 
0.2978365 0.4656093 
0.4814868 0.7500391 
0.2848878 0.4449162 
0.4456069 0.6287913 
0.3078489 0.4746089 
0.274123 0.5665236 
0.2596149 0.4161923 
0.5108483 0.6968086 
0.2837093 0.4469767 
0.2270992 0.3474345 
0.2398145 0.3709767 
0.3478479 0.5110934 
0.2393126 0.3699837 
0.5498686 0.7222557 
