0.03769048 0.03702233 
0.03442068 0.03407377 
0.03448371 0.03381303 
0.03624816 0.03547428 
0.03704715 0.03614407 
0.03680281 0.03508378 
0.03337388 0.03271448 
0.03881748 0.0389228 
0.03537723 0.03419943 
0.03648681 0.03545714 
0.04463226 0.04369911 
0.04076719 0.03868019 
0.03471794 0.03475586 
0.035048 0.03468434 
0.03670179 0.03585933 
0.03728924 0.03680288 
0.03567026 0.03385024 
0.04138189 0.04056169 
0.0428938 0.04335533 
0.03517655 0.03404591 
0.0344756 0.03380882 
0.03612783 0.03534661 
0.03251248 0.03215525 
0.03904243 0.03843147 
0.03837004 0.03799333 
0.03751404 0.0367728 
0.03348078 0.03322543 
0.04049733 0.04004449 
0.03536304 0.03377484 
0.03693348 0.03616426 
0.03937332 0.03774907 
0.03658561 0.0357298 
0.03737845 0.03644757 
0.03550821 0.03532938 
0.03724998 0.03539556 
0.03736958 0.03671247 
0.03503204 0.03311592 
0.03715277 0.03662733 
0.03627016 0.03620305 
0.03334041 0.03294295 
0.0356877 0.03532866 
0.03565724 0.03485165 
0.03360949 0.03232348 
0.03788739 0.03680196 
0.03779629 0.03554567 
0.03529566 0.03492688 
0.03606235 0.03454754 
0.04017598 0.04091159 
0.1053953 0.1021362 
0.04142081 0.04023591 
0.03438442 0.03338033 
0.03546057 0.03484406 
0.03785482 0.03739137 
0.03960497 0.03912694 
0.08314707 0.08087725 
0.03508249 0.03452815 
0.03435007 0.03380712 
0.03632706 0.03561539 
0.03917605 0.03863232 
0.03698006 0.03617661 
0.03477613 0.03394324 
0.03704954 0.03663423 
0.03747695 0.03604784 
0.0351656 0.03480641 
0.03586267 0.03471466 
0.03657373 0.03514814 
0.03784594 0.03605889 
0.03843603 0.03564502 
0.03730291 0.03666681 
0.03644536 0.03582464 
0.037736 0.03528827 
0.03317179 0.03262558 
0.03348559 0.03315085 
0.036603 0.035053 
0.03728064 0.03619586 
0.03915686 0.03725818 
0.03648628 0.03590429 
0.03246871 0.03196577 
0.1021108 0.09979246 
0.03293935 0.03222328 
0.03460483 0.03387331 
0.03780452 0.03653539 
0.03293868 0.03210673 
0.03604656 0.03530019 
0.09785398 0.09557662 
0.0472137 0.04571953 
0.03506975 0.03474588 
0.1020621 0.09973214 
0.03636046 0.03482117 
0.03389117 0.03388318 
0.03531891 0.03507764 
0.1074057 0.1051105 
0.03780395 0.03667251 
0.03709692 0.03591019 
0.0368349 0.03679513 
0.04134322 0.04031818 
0.09879379 0.09514687 
0.03126679 0.0307699 
0.03575299 0.03659274 
0.03423105 0.03297895 
