0.03439416 0.03395859 0.2575296 0.04611781 0.2475744 0.03908974 
0.03560151 0.03474128 0.323769 0.04589212 0.2191708 0.0320668 
0.03443672 0.03359508 0.2663451 0.05018981 0.2059093 0.03414698 
0.03461001 0.03457061 0.3119865 0.03787572 0.2323186 0.03299038 
0.03599051 0.03504879 0.3010145 0.03985508 0.2341378 0.03518763 
0.03576392 0.03330011 0.2187595 0.04470396 0.2247409 0.03155849 
0.03391087 0.0323108 0.2918345 0.04153398 0.2310787 0.03613008 
0.03786681 0.03911137 0.2516536 0.0378524 0.2305757 0.04048465 
0.03660912 0.03635079 0.289453 0.04475981 0.2239998 0.03604488 
0.03945873 0.03578242 0.2925255 0.05552147 0.2517422 0.0405813 
0.03845084 0.03784411 0.3211902 0.03660353 0.2240409 0.03241085 
0.03647516 0.03506299 0.2927105 0.04289608 0.2168464 0.0328802 
0.03402515 0.0326779 0.3159904 0.03984234 0.2308291 0.0372579 
0.03477425 0.03410135 0.3236598 0.04216992 0.2248538 0.03365943 
0.03254217 0.03208084 0.3201406 0.04319864 0.2423854 0.03614567 
0.03609023 0.03518005 0.2721729 0.04508913 0.2564695 0.03490878 
0.03714369 0.03780255 0.2928503 0.05303932 0.2416498 0.03273857 
0.0342278 0.03249606 0.3074278 0.04812869 0.2487701 0.036789 
0.03667327 0.0380528 0.2389759 0.05211673 0.2242562 0.03228704 
0.03407837 0.03349453 0.3193769 0.05959967 0.2381188 0.03717382 
0.03793708 0.03835037 0.3008914 0.04912422 0.227584 0.03629453 
0.03685832 0.03463471 0.284954 0.03920889 0.2328484 0.03643042 
0.03986378 0.03909316 0.2905021 0.04325258 0.2630263 0.03751854 
0.03331558 0.03339123 0.319649 0.04414421 0.2460833 0.03094339 
0.03222559 0.03207215 0.3298203 0.04761622 0.2357389 0.03442295 
0.03876478 0.03832968 0.3182464 0.04545863 0.214863 0.03637595 
0.03419228 0.03310489 0.2943787 0.03830771 0.2513813 0.03826234 
0.03575602 0.0353306 0.3151064 0.05018108 0.2323096 0.03456904 
0.03979106 0.03863055 0.3165707 0.04375878 0.251763 0.03662676 
0.0350992 0.03472474 0.516298 0.04433401 0.2417623 0.04003045 
0.03666607 0.03542671 0.3008072 0.04074404 0.2414544 0.03503608 
0.05618153 0.0554135 0.05294193 0.05732527 0.2040026 0.05280861 
0.03574133 0.03583592 0.3016788 0.04773853 0.2338384 0.03738079 
0.03485512 0.03336376 0.2929647 0.03538694 0.2347115 0.03434701 
0.03632266 0.03547711 0.3245179 0.04141331 0.2365901 0.03774858 
0.03972155 0.03897032 0.322242 0.03967759 0.2315596 0.03642841 
0.03977857 0.03870449 0.3160717 0.04428392 0.2263971 0.03489438 
0.04030058 0.04090839 0.2859085 0.04300005 0.2320513 0.03583102 
0.03643752 0.03651659 0.3269826 0.04173041 0.2255555 0.03001383 
0.03683895 0.03785813 0.2585875 0.04672743 0.2227869 0.03928866 
0.03547308 0.03536771 0.3306275 0.04517898 0.2421637 0.03776174 
0.03336049 0.03292769 0.3194574 0.04248118 0.2348369 0.03946606 
0.03677408 0.03604912 0.3261434 0.04988698 0.2300582 0.0370056 
0.03382284 0.0334865 0.3210473 0.03916345 0.2376909 0.0280555 
0.03895684 0.03840187 0.3250724 0.0533639 0.2346333 0.03544163 
0.0411095 0.04043163 0.5279048 0.04452328 0.239756 0.03747934 
0.03704956 0.0357755 0.2723004 0.04367556 0.2254759 0.03970887 
0.03399951 0.03376983 0.2823369 0.04475748 0.1939921 0.03609919 
0.03633406 0.03719052 0.1215411 0.05057243 0.22305 0.03876605 
0.03663973 0.03726476 0.2649802 0.03967361 0.2217603 0.03371334 
0.03470668 0.03421998 0.3238178 0.04864172 0.2040268 0.03466034 
0.03466778 0.03461855 0.2769101 0.05556897 0.207979 0.03974518 
0.03739504 0.03646296 0.3234659 0.05079373 0.2193846 0.03762488 
0.03876054 0.03766787 0.3356075 0.05078215 0.2388965 0.04093495 
0.0356331 0.03524101 0.2832207 0.03627254 0.2411979 0.03078669 
0.03497433 0.03479797 0.3219391 0.05437227 0.2405233 0.03795452 
0.04026208 0.03867183 0.2547782 0.04815471 0.2034802 0.03701833 
0.03662648 0.03583132 0.330792 0.04964879 0.2405547 0.03428748 
0.04168299 0.04079922 0.2919374 0.05175046 0.2318553 0.03313082 
0.03334708 0.03277572 0.2880763 0.03976492 0.22855 0.03722915 
0.03961017 0.03898899 0.2801239 0.05800459 0.2389384 0.0348591 
0.03360689 0.03359642 0.1882061 0.03474974 0.212218 0.02701965 
0.0387215 0.0363916 0.2231571 0.0430917 0.2204386 0.03448109 
0.03941748 0.03855818 0.310449 0.04126659 0.2255686 0.03545676 
0.0360614 0.03757253 0.2287949 0.04091152 0.2245845 0.03568267 
0.04109235 0.03905962 0.2810226 0.03996506 0.2550673 0.0364943 
0.04031692 0.04032708 0.2737483 0.0372445 0.2139248 0.03696299 
0.04245507 0.04237446 0.2612551 0.05215601 0.2113458 0.03860199 
0.0388916 0.03916556 0.3066102 0.04881733 0.2585111 0.03886527 
0.03382718 0.03298589 0.296671 0.04085943 0.2412556 0.03751466 
0.03701435 0.03621711 0.2906495 0.0472893 0.2464375 0.03760559 
0.03471748 0.03412532 0.3244748 0.04380793 0.2577957 0.03602203 
0.03898677 0.03825721 0.3142367 0.03966773 0.2483972 0.0376866 
0.04076673 0.03962824 0.2552565 0.03866654 0.204187 0.03672461 
0.03400546 0.03306613 0.336448 0.05809775 0.2216839 0.0370668 
0.03363647 0.03232742 0.3265705 0.04401239 0.2400991 0.0406219 
0.03630753 0.03365796 0.2544856 0.03483268 0.2428528 0.02999508 
0.03241906 0.03182464 0.2873997 0.03908212 0.234294 0.03002677 
0.03711396 0.03646441 0.3170346 0.04471755 0.2298538 0.03831068 
0.03538802 0.03564803 0.2499215 0.04656834 0.207766 0.03259585 
0.03359669 0.03360766 0.3266097 0.04619552 0.2344547 0.03012202 
0.04142672 0.04099776 0.3280201 0.04443006 0.2293049 0.03255366 
0.03631079 0.03579931 0.3111414 0.05021215 0.2370981 0.03553969 
0.03421433 0.03413621 0.3232105 0.05105647 0.2334713 0.03483 
0.03969202 0.03805128 0.2727732 0.04222619 0.2481993 0.03483523 
0.0351062 0.03356413 0.2859026 0.03924462 0.2423495 0.03836921 
0.0399137 0.03985853 0.2704077 0.04660119 0.2091051 0.03610534 
0.04036539 0.04028983 0.3071504 0.04655791 0.2174589 0.03192358 
0.03693171 0.0368206 0.2981174 0.03909775 0.2422905 0.03396236 
0.0367368 0.03598618 0.3248272 0.0428404 0.2385893 0.03059757 
0.03524844 0.03392662 0.2910694 0.04726785 0.2221682 0.03200934 
0.03610657 0.0352668 0.295435 0.04074792 0.2129917 0.03161981 
0.0379726 0.03682213 0.3030623 0.04961404 0.2219058 0.04112095 
0.03546485 0.03490293 0.3291557 0.03909209 0.2510117 0.03915582 
0.03877027 0.03772711 0.246012 0.04326043 0.2094742 0.03250513 
0.04577066 0.0414545 0.03818466 0.0486866 0.1954047 0.03878135 
0.04109308 0.0387014 0.2737057 0.04399996 0.2248363 0.03384691 
0.03258388 0.03225317 0.3226151 0.04120719 0.2494077 0.03293068 
0.08609122 0.07625599 0.08159856 0.03952528 0.2110081 0.03032121 
0.03304547 0.03201481 0.3275389 0.03509611 0.2581259 0.03423533 
0.03709331 0.03671793 0.3263571 0.05095424 0.2222237 0.04057497 
0.0406929 0.04033904 0.3322366 0.04560106 0.2256717 0.03616178 
0.03500815 0.03420876 0.3200007 0.04282181 0.2390848 0.03300943 
0.03784183 0.03690371 0.2412143 0.03901131 0.2225199 0.03383589 
0.0379847 0.03396986 0.1938324 0.04723091 0.2007073 0.0301742 
0.03711163 0.03638761 0.3179332 0.04317959 0.2400605 0.03250497 
0.03503561 0.03501101 0.3025971 0.04701226 0.2250024 0.03780897 
0.03794629 0.03734066 0.303018 0.05263691 0.2415956 0.03226152 
0.036999 0.03616971 0.3086917 0.04483367 0.2263852 0.0342108 
0.03381338 0.03398535 0.2818811 0.04316289 0.2587505 0.03854887 
0.03652738 0.03609182 0.3073132 0.05023657 0.2296906 0.03737752 
0.03573669 0.03572727 0.3019416 0.03974091 0.2370216 0.03513104 
0.03979515 0.0389695 0.2955657 0.03541458 0.2466481 0.03436424 
0.03813728 0.03757515 0.2450207 0.0442493 0.2080317 0.03403321 
0.03580701 0.03490218 0.2587899 0.04236715 0.2212628 0.03501884 
0.03417606 0.03341311 0.3135007 0.04078752 0.2291771 0.03047924 
0.03592755 0.0350929 0.3346578 0.05145172 0.2307006 0.03789833 
0.03897432 0.03867768 0.3155568 0.04943611 0.2375262 0.03587024 
0.04020082 0.04002523 0.2968144 0.04650242 0.2374953 0.03519281 
0.03896257 0.03878559 0.3365673 0.05455944 0.2141961 0.03815511 
0.03864194 0.03738532 0.2960558 0.04938542 0.2487953 0.03914732 
0.04076163 0.0403705 0.3178091 0.05991257 0.2421118 0.0440622 
0.0376046 0.03676791 0.3267641 0.0475206 0.2284841 0.0367508 
0.03916936 0.03823585 0.3029448 0.04575259 0.2631621 0.03270658 
0.03593848 0.03466629 0.2653065 0.04878458 0.2112354 0.03614947 
0.04036319 0.04014865 0.3046214 0.04479108 0.2488907 0.03991551 
0.04301725 0.04156134 0.2988502 0.04568847 0.2221823 0.03703954 
0.03624786 0.03545967 0.3185579 0.0498994 0.241225 0.03813153 
0.03333994 0.03195729 0.2203619 0.04873968 0.1948998 0.03665567 
0.03740956 0.03724127 0.3042713 0.05108842 0.2235609 0.03365489 
0.03595434 0.03536438 0.3322389 0.04742486 0.2529122 0.04069922 
0.03706 0.03519777 0.1245307 0.03882274 0.2016692 0.0343028 
0.03492682 0.0340367 0.2949893 0.03399975 0.2484941 0.03360529 
0.04094826 0.03743235 0.2768831 0.04530667 0.214884 0.03444305 
0.03399871 0.03314103 0.302762 0.04457079 0.2484833 0.03272339 
0.03764523 0.03702935 0.3326821 0.05513494 0.2461508 0.04069433 
0.03533679 0.0339986 0.3114633 0.04474434 0.2277452 0.03524266 
0.03482986 0.03443902 0.3061122 0.04144367 0.2306426 0.03931466 
0.04130429 0.03952903 0.3047417 0.03859595 0.2372828 0.03317381 
0.03686846 0.03626675 0.263264 0.04608078 0.2233417 0.03293508 
0.03981778 0.03633639 0.3086807 0.06030195 0.2309089 0.04104291 
0.03878953 0.0370592 0.3024035 0.0535311 0.2282816 0.04358216 
0.1023323 0.0873971 0.1008383 0.04788493 0.2333828 0.03649461 
0.03613802 0.03504048 0.216878 0.04425605 0.2105284 0.02997076 
0.042592 0.04223944 0.2240389 0.0408563 0.2202376 0.03649769 
0.09741948 0.08829814 0.09584751 0.04496988 0.2123689 0.03663416 
0.0345072 0.03420552 0.3265974 0.0546429 0.2358965 0.03472655 
0.03605879 0.03492971 0.3041985 0.04099895 0.2163113 0.03336166 
0.03356193 0.03385114 0.1262785 0.04828533 0.2231815 0.0379564 
0.03676568 0.03639101 0.3262561 0.0542851 0.2312765 0.03786814 
0.03874086 0.038111 0.3240587 0.04984797 0.2450565 0.03306967 
0.037838 0.03554538 0.2904 0.04758631 0.2430716 0.03877345 
0.03857283 0.03861273 0.3174279 0.04597652 0.2495333 0.03079979 
0.03686319 0.03628482 0.2929623 0.04506031 0.2349295 0.036216 
0.03483153 0.03428664 0.3354388 0.05019149 0.2208279 0.03260957 
0.04005849 0.03959082 0.2701783 0.04433665 0.2274092 0.03888488 
0.0400922 0.03903266 0.2530131 0.04329228 0.2319441 0.03813464 
0.03594247 0.0356509 0.2733417 0.04572492 0.2075286 0.03898824 
0.03368075 0.03331515 0.2677082 0.04320523 0.2284296 0.03043044 
0.03881062 0.03857772 0.3241875 0.03733675 0.2528833 0.03219562 
0.03897393 0.0383761 0.3026547 0.05095738 0.216247 0.03380473 
0.03819173 0.03776838 0.3183635 0.04195851 0.2463005 0.03550089 
0.03814854 0.03654893 0.2353026 0.04955535 0.2142075 0.0343869 
0.04593186 0.04543228 0.2871748 0.05180315 0.2217836 0.0374705 
0.04098925 0.0379004 0.241096 0.04516259 0.2303015 0.04248378 
0.03340794 0.03261365 0.2211296 0.04649296 0.2334452 0.03505978 
0.04075881 0.03980175 0.3141154 0.0406532 0.2441958 0.03356359 
0.03679533 0.03630042 0.2503751 0.03627051 0.2210981 0.03713889 
0.03730468 0.03681954 0.3099493 0.05509192 0.2436452 0.03579115 
0.0365337 0.03550084 0.3084066 0.04583741 0.2469041 0.0378216 
0.03863663 0.03723532 0.2834816 0.05291333 0.2046218 0.03480196 
0.03708217 0.03634222 0.3256239 0.03441322 0.2317242 0.0338112 
0.03598058 0.0355632 0.3180581 0.03685988 0.2425867 0.03164377 
0.03722818 0.0355186 0.3012193 0.0474501 0.2298734 0.03707142 
0.03405307 0.03318963 0.2742036 0.04434726 0.2349811 0.0336012 
0.0407553 0.03997128 0.3224501 0.03838788 0.2566774 0.03266833 
0.03614855 0.03528332 0.3310946 0.04657435 0.2087929 0.032016 
0.03321924 0.032963 0.3252835 0.04413982 0.2230261 0.03810186 
0.04398447 0.04269903 0.300217 0.04453002 0.2484906 0.03901894 
0.03661357 0.03578165 0.3065424 0.04306888 0.2458334 0.03376297 
0.03502302 0.03439437 0.3175988 0.04133822 0.2508269 0.03720943 
0.03527115 0.03451058 0.3366228 0.05028181 0.2042749 0.034054 
0.04075626 0.04029495 0.3252478 0.03503978 0.2321208 0.03114028 
0.1142614 0.1071878 0.1124706 0.04465704 0.2189952 0.03783683 
0.04634926 0.04526346 0.2212692 0.03939241 0.2110936 0.03587962 
0.03489534 0.03515322 0.2468682 0.04969996 0.2222326 0.03577818 
0.03742408 0.03638017 0.3246699 0.04360753 0.2353104 0.03110688 
0.03439845 0.03413934 0.2847525 0.03886579 0.2231917 0.03439804 
0.03846084 0.03660039 0.2508878 0.05328145 0.2256464 0.03692187 
0.04032168 0.03918625 0.5399519 0.04454206 0.2213289 0.03214766 
0.03576577 0.03437963 0.3165405 0.04329647 0.2530434 0.03838898 
0.03765464 0.03680357 0.3291438 0.05205791 0.2365596 0.03506508 
0.03603947 0.0352668 0.291823 0.04630407 0.2500439 0.034403 
0.03637674 0.03538641 0.2239801 0.04598335 0.2067714 0.03342926 
0.03785536 0.03861096 0.2520836 0.0370208 0.2429888 0.03167218 
0.03761209 0.03659454 0.3282098 0.04478391 0.2225213 0.03692133 
0.03778607 0.03627151 0.3166005 0.0503747 0.2300083 0.03383391 
0.0391614 0.03794214 0.31044 0.04533382 0.2282266 0.03645294 
0.03518679 0.03428915 0.3174751 0.06460179 0.2272642 0.03443153 
0.03907041 0.0383026 0.2652128 0.04014934 0.2163076 0.03551127 
