0.06492588 0.06492588 
0.07702563 0.07702563 
0.07173835 0.07173835 
0.07776871 0.07776871 
0.06431101 0.06431101 
0.08292636 0.08292636 
0.06076394 0.06076394 
0.06952578 0.06952578 
0.07475802 0.07475802 
0.07201795 0.07201795 
0.07138544 0.07138544 
0.04689546 0.04689546 
0.07790246 0.07790246 
0.07383581 0.07383581 
0.0482221 0.0482221 
0.07504387 0.07504387 
0.07967248 0.07967248 
0.07267749 0.07267749 
0.07259056 0.07259056 
0.08840399 0.08840399 
0.07692595 0.07692595 
0.07698577 0.07698577 
0.07585182 0.07585182 
0.05434032 0.05434032 
0.07433315 0.07433315 
0.08924718 0.08924718 
0.07454804 0.07454804 
0.0741945 0.0741945 
0.07617533 0.07617533 
0.07230054 0.07230054 
0.06600607 0.06600607 
0.07251621 0.07251621 
0.07402237 0.07402237 
0.07289088 0.07289088 
0.06669484 0.06669484 
0.07557753 0.07557753 
0.06866437 0.06866437 
0.06574757 0.06574757 
0.08394412 0.08394412 
0.07187808 0.07187808 
0.06932657 0.06932657 
0.0758132 0.0758132 
0.07927743 0.07927743 
0.07342957 0.07342957 
0.0629168 0.0629168 
0.07230999 0.07230999 
0.08038917 0.08038917 
0.067458 0.067458 
0.07187934 0.07187934 
0.07858067 0.07858067 
0.0669245 0.0669245 
0.07431199 0.07431199 
0.07936604 0.07936604 
0.08535362 0.08535362 
0.09279492 0.09279492 
0.06818056 0.06818056 
0.07510587 0.07510587 
0.07852966 0.07852966 
0.06857745 0.06857745 
0.06959451 0.06959451 
0.07008806 0.07008806 
0.06784082 0.06784082 
0.06739405 0.06739405 
0.07269985 0.07269985 
0.06562318 0.06562318 
0.0644624 0.0644624 
0.0676782 0.0676782 
0.07861505 0.07861505 
0.0778649 0.0778649 
0.06520622 0.06520622 
0.07895962 0.07895962 
0.07531139 0.07531139 
0.06815395 0.06815395 
0.0767531 0.0767531 
0.07182737 0.07182737 
0.08992141 0.08992141 
0.07333943 0.07333943 
0.07055613 0.07055613 
0.07364365 0.07364365 
0.07770957 0.07770957 
0.06769967 0.06769967 
0.06149805 0.06149805 
0.07797476 0.07797476 
0.06864518 0.06864518 
0.07972506 0.07972506 
0.07849141 0.07849141 
0.06702328 0.06702328 
0.07605048 0.07605048 
0.06500406 0.06500406 
0.08898373 0.08898373 
0.06678307 0.06678307 
0.06147525 0.06147525 
0.07054849 0.07054849 
0.07466971 0.07466971 
0.08176201 0.08176201 
0.07500941 0.07500941 
0.07038129 0.07038129 
0.07326984 0.07326984 
0.07284781 0.07284781 
0.05877661 0.05877661 
