0.05355365 0.05186583 
0.05634719 0.05464121 
0.0530828 0.04991938 
0.05916954 0.05826315 
0.04524317 0.04306895 
0.05576146 0.04982502 
0.05884563 0.05608077 
0.05413009 0.05123352 
0.05511233 0.05367068 
0.051542 0.0495515 
0.05103096 0.04631223 
0.04916819 0.0456307 
0.046117 0.04344914 
0.05103323 0.04723391 
0.05228299 0.05079298 
0.04092133 0.04028122 
0.0461516 0.04393853 
0.05169424 0.0458235 
0.05884969 0.05543803 
0.05783404 0.05626744 
0.05523829 0.04756164 
0.0441698 0.03945246 
0.05324131 0.05127542 
0.04676516 0.0459653 
0.05380863 0.0525357 
0.04518225 0.04276906 
0.05065738 0.047126 
0.05192597 0.04553852 
0.04660421 0.04394015 
0.04698552 0.04332048 
0.07760483 0.08180346 
0.05140826 0.04789712 
0.04530547 0.04318626 
0.04929548 0.04625544 
0.04891316 0.04331029 
0.05914351 0.05706836 
0.0513475 0.04507485 
0.04409065 0.04142076 
0.04438828 0.04268403 
0.04531698 0.04300341 
0.04592793 0.04488737 
0.0489302 0.04847034 
0.05438645 0.05304525 
0.05353024 0.04837344 
0.04583511 0.04547712 
0.04397609 0.03998996 
0.04342604 0.04078358 
0.06122303 0.05869423 
0.03740147 0.0331683 
0.04568204 0.04251293 
0.06392768 0.06119103 
0.04844773 0.04497806 
0.06261293 0.06049113 
0.04236836 0.04026994 
0.05281576 0.04922422 
0.05500937 0.05164629 
0.05640104 0.05352325 
0.05132471 0.05049575 
0.05277147 0.05093712 
0.05813453 0.05529873 
0.05933461 0.05553634 
0.05425232 0.05262897 
0.04688005 0.04243352 
0.04996997 0.04621737 
0.04698256 0.04493302 
0.04461755 0.04199574 
0.04635487 0.04427266 
0.05020397 0.0483119 
0.04266903 0.04136253 
0.05052959 0.04725015 
0.05564765 0.05165017 
0.04795093 0.0475404 
0.05362715 0.04983796 
0.05745402 0.05567413 
0.04379448 0.04115525 
0.05205722 0.04941253 
0.0512735 0.05023723 
0.0517565 0.04981529 
0.06161426 0.05072027 
0.05052867 0.04905717 
0.06895055 0.06703176 
0.06638086 0.06325346 
0.05746876 0.05580786 
0.04680738 0.0452811 
0.04563787 0.04067554 
0.05539366 0.0507749 
0.04774101 0.0453798 
0.05764706 0.04768088 
0.04949911 0.04610407 
0.04647747 0.04406938 
0.05860057 0.05705147 
0.04718574 0.043624 
0.0457605 0.04368598 
0.03919896 0.03832176 
0.04560246 0.04275813 
0.04398654 0.04314687 
0.05244385 0.04882647 
0.04602292 0.04395247 
0.04491223 0.04223375 
0.06065018 0.05906228 
