0.03288118 0.01972813 
0.03224554 0.01956266 
0.03243908 0.01968615 
0.03189677 0.01989051 
0.03145156 0.02310278 
0.03206992 0.01963353 
0.03140605 0.02621922 
0.03246927 0.02028107 
0.03227832 0.0209598 
0.03190425 0.01981419 
0.03160648 0.01862741 
0.0328527 0.02205987 
0.03075555 0.0201138 
0.03200679 0.0203117 
0.03325643 0.01872732 
0.03101573 0.01901494 
0.03191277 0.02062705 
0.03149972 0.01867591 
0.03128886 0.01993055 
0.03222637 0.01832246 
0.03163269 0.01931249 
0.03169253 0.01937957 
0.0322519 0.02227043 
0.03103704 0.01821144 
0.03153052 0.01846198 
0.0313861 0.02077545 
0.03236639 0.01984436 
0.03191492 0.01892376 
0.03110625 0.02310252 
0.03176448 0.02114761 
0.03166312 0.01906789 
0.03240974 0.01952015 
0.03272337 0.02096904 
0.03249247 0.02133214 
0.03115173 0.0204235 
0.0310559 0.01904338 
0.03067481 0.02081565 
0.03168735 0.02141105 
0.03109221 0.02315476 
0.03149471 0.0221138 
0.0318322 0.01805469 
0.03240155 0.02458901 
0.03231536 0.01777242 
0.03149343 0.02007243 
0.03052049 0.02047497 
0.03342764 0.01957538 
0.03102834 0.02220784 
0.03135241 0.02601797 
0.03227936 0.0198348 
0.03213492 0.01960539 
0.03353785 0.02217646 
0.03180368 0.02114416 
0.03133181 0.0185198 
0.03107896 0.02135886 
0.03183275 0.02069981 
0.03091727 0.01973807 
0.03188482 0.01915 
0.0311906 0.02120479 
0.03148452 0.02200612 
0.03107057 0.01991936 
0.03177921 0.02214577 
0.03157124 0.01912034 
0.03220735 0.02063134 
0.03073011 0.0198673 
0.03082497 0.02052079 
0.03177213 0.01908287 
0.03131803 0.01881053 
0.03100475 0.02081089 
0.03226139 0.02053911 
0.03159984 0.01793463 
0.03194934 0.02106936 
0.03271822 0.02217778 
0.03175826 0.02688401 
0.03164334 0.01911174 
0.03202298 0.01943634 
0.03221861 0.02365905 
0.03068818 0.02034669 
0.03169868 0.01870078 
0.03223757 0.0254898 
0.03146222 0.02178156 
0.03173166 0.02276145 
0.03122449 0.02211874 
0.03103862 0.02578375 
0.03282583 0.01849867 
0.0320055 0.01861665 
0.03226813 0.01919535 
0.0311947 0.02134428 
0.03286991 0.02044645 
0.03066974 0.02145382 
0.0310023 0.02056567 
0.03201624 0.01978516 
0.0318517 0.02014018 
0.03227481 0.02070097 
0.03139316 0.02061416 
0.0324017 0.01950852 
0.032819 0.0209035 
0.03164708 0.01911687 
0.03098383 0.02006312 
0.03071073 0.01886912 
0.03113599 0.02242386 
