0.03289633 0.03150764 0.3267694 0.03526656 0.286395 0.03424681 
0.03130703 0.03029549 0.5725137 0.0340926 0.3170509 0.03457886 
0.02983129 0.02912503 0.5445454 0.0385363 0.3441024 0.0299813 
0.03136254 0.02941744 0.5848299 0.03503982 0.2967583 0.03345568 
0.03217211 0.0311135 0.3833657 0.03117756 0.3269994 0.02825251 
0.03321036 0.03319482 0.5889036 0.04260711 0.3593422 0.0349361 
0.03516244 0.03386656 0.6000132 0.03608923 0.3190108 0.03477729 
0.03337625 0.03388492 0.350206 0.04038406 0.2962775 0.03492324 
0.03265722 0.0324817 0.5877149 0.03822707 0.2851636 0.03497516 
0.03279654 0.03191443 0.5812879 0.03697454 0.3411423 0.03380932 
0.0325778 0.03162897 0.5753699 0.04148379 0.2859329 0.03857506 
0.03573123 0.03460739 0.6025908 0.04295755 0.3316023 0.03770924 
0.03590678 0.03347934 0.574895 0.0447371 0.2924333 0.03496439 
0.03520776 0.03304952 0.3781013 0.04682645 0.3360365 0.0383604 
0.03271409 0.03125697 0.3767297 0.03759767 0.3428775 0.0302772 
0.03316877 0.0326432 0.5859233 0.04311501 0.3003489 0.03089725 
0.03588638 0.0342328 0.5842837 0.0430867 0.2871633 0.02884268 
0.03146707 0.0310755 0.3039178 0.04069738 0.3088184 0.03380214 
0.03485649 0.03662375 0.5972625 0.04229347 0.3525596 0.03543781 
0.03233026 0.0310184 0.3152286 0.03428119 0.3186275 0.03105635 
0.0358574 0.03354893 0.5689209 0.03558536 0.2992861 0.03033954 
0.03626786 0.03588059 0.2241752 0.05022947 0.2713201 0.03376043 
0.0348728 0.03543679 0.3199804 0.04671084 0.2819864 0.03209342 
0.03513223 0.03360472 0.5892251 0.03434033 0.2997985 0.03198737 
0.03194142 0.03153343 0.5746975 0.03846189 0.326374 0.03020492 
0.03343531 0.03229655 0.5902736 0.03875651 0.2978223 0.02993449 
0.03307138 0.03225436 0.3900335 0.0402158 0.3392493 0.03438918 
0.03688066 0.03568824 0.5887883 0.04116351 0.3054316 0.03350837 
0.03337657 0.03285797 0.3520136 0.04535186 0.3211689 0.03315032 
0.03284455 0.03006936 0.3352614 0.03452044 0.2872338 0.03205276 
0.03428678 0.03379011 0.5665337 0.03959009 0.325837 0.03213035 
0.03465128 0.03235645 0.1983612 0.04294498 0.3011411 0.03265492 
0.03585533 0.03446622 0.5652684 0.04030765 0.3091867 0.03427883 
0.03491587 0.03561344 0.5699374 0.03253621 0.3186049 0.03207956 
0.03585277 0.03296836 0.2339685 0.03884512 0.2872003 0.035486 
0.0329432 0.03092207 0.589602 0.04000839 0.2874249 0.03302771 
0.03677003 0.03299101 0.559542 0.03577843 0.2956717 0.03579054 
0.03347014 0.02818706 0.2245462 0.04712406 0.2897439 0.03717591 
0.03531162 0.03270165 0.3563401 0.04113856 0.3141861 0.0348352 
0.03097806 0.03045167 0.5642895 0.03584506 0.3012287 0.0311396 
0.03259964 0.03093437 0.5888213 0.03550527 0.2744656 0.03080581 
0.0322118 0.03158216 0.5316116 0.02822464 0.314608 0.02601705 
0.03416434 0.03274812 0.5432152 0.0386792 0.298174 0.0332795 
0.03416952 0.0319408 0.5414032 0.03505922 0.3297561 0.03212484 
0.03465323 0.03484762 0.5703785 0.0370676 0.310301 0.03509615 
0.03182747 0.0313927 0.5554218 0.03332763 0.322326 0.03068744 
0.03367812 0.03225186 0.567597 0.03677595 0.3175203 0.03275729 
0.0303914 0.02952213 0.5499395 0.0399262 0.3165901 0.03715692 
0.03324415 0.03036455 0.5566342 0.03891707 0.3096218 0.03479204 
0.03457244 0.03376171 0.5793003 0.04613788 0.3200062 0.0371085 
0.0324875 0.03135649 0.5682648 0.03250273 0.3131307 0.02948478 
0.03405322 0.03065934 0.2003856 0.03492863 0.2834282 0.03092313 
0.03264985 0.03238435 0.5749935 0.03620154 0.3295516 0.03030457 
0.032026 0.03238175 0.5804837 0.05211051 0.2818753 0.03812719 
0.03224144 0.03111046 0.5838054 0.0388097 0.272664 0.03306954 
0.0383256 0.03664125 0.6074249 0.04265665 0.2816041 0.03883804 
0.03627121 0.03417207 0.5917446 0.03998084 0.2694059 0.03604293 
0.03522071 0.03403743 0.5719375 0.0409951 0.341484 0.03017921 
0.03353612 0.03200465 0.2698001 0.03423185 0.2963734 0.0314649 
0.03206894 0.03098256 0.3774638 0.0440079 0.3282356 0.03144586 
0.03446963 0.03354993 0.2977926 0.0334686 0.2907519 0.03038431 
0.03313069 0.03544862 0.6097541 0.04259211 0.2842527 0.03201111 
0.03308723 0.0321161 0.3663355 0.04210646 0.306708 0.03310936 
0.03391918 0.03240937 0.3339192 0.03204599 0.299458 0.02971839 
0.03338564 0.03159106 0.5556907 0.03518999 0.3109129 0.03102439 
0.03369838 0.03218818 0.3615171 0.0422375 0.3091406 0.03253219 
0.03254689 0.03119352 0.5746221 0.02964056 0.3319607 0.03110385 
0.03231256 0.03085029 0.5778884 0.03919747 0.3020844 0.03580094 
0.03418317 0.03210195 0.5989084 0.04165117 0.2928479 0.03486352 
0.03506386 0.03384949 0.3579646 0.0542045 0.3054504 0.03719362 
0.03701002 0.03471927 0.5827689 0.03980771 0.3261719 0.0348195 
0.03340029 0.03127962 0.5855531 0.03983718 0.3291909 0.0325106 
0.0379771 0.0352764 0.2628466 0.04253919 0.2821776 0.03952512 
0.03433869 0.03335536 0.3728297 0.03829357 0.3166439 0.03201434 
0.0332914 0.03217663 0.5956798 0.04292162 0.3078109 0.03464839 
0.03617019 0.03511022 0.2772813 0.03576875 0.328425 0.03574825 
0.03568431 0.03446178 0.5724859 0.04240661 0.3223545 0.03052875 
0.03306235 0.03257513 0.5854922 0.04095912 0.2843543 0.03271762 
0.1065776 0.0811915 0.1714757 0.03940846 0.3070109 0.03173125 
0.03162117 0.0306024 0.571466 0.0374527 0.2988127 0.03207862 
0.03732602 0.03650429 0.5920245 0.04199395 0.3171331 0.03452699 
0.03382234 0.03361344 0.3815106 0.0462885 0.2816187 0.03384257 
0.03207373 0.03203899 0.584048 0.04036603 0.3243629 0.03385458 
0.03742424 0.03329758 0.2937961 0.04441505 0.321064 0.03769259 
0.03285978 0.03177255 0.5973133 0.04233462 0.2842121 0.04099007 
0.03835554 0.03691601 0.59819 0.03936385 0.3191781 0.03634184 
0.03321928 0.03334225 0.5741884 0.03378292 0.2829705 0.03099948 
0.03263576 0.03284744 0.5831057 0.03653732 0.306458 0.02981331 
0.03630706 0.03465359 0.544082 0.03957734 0.3308915 0.03990266 
0.03959712 0.03975258 0.5419162 0.03653798 0.3457899 0.0299235 
0.03657789 0.03378806 0.5430222 0.04634269 0.3075118 0.03218389 
0.03259458 0.03229859 0.5653209 0.04090517 0.3032014 0.03127557 
0.03431973 0.032689 0.580056 0.03661431 0.3072416 0.03433306 
0.03368693 0.03252035 0.5955676 0.0343823 0.2776726 0.03325098 
0.03446523 0.03209364 0.325133 0.03502924 0.3101956 0.03116298 
0.1008605 0.06931692 0.1742084 0.03872038 0.2694151 0.02799848 
0.03321217 0.03158751 0.3186928 0.03816299 0.2850331 0.0322336 
0.0357643 0.03424433 0.2918773 0.03980853 0.2913257 0.03192104 
0.03304383 0.0328697 0.5859436 0.0417547 0.2734386 0.03230807 
0.03430281 0.03283579 0.5911771 0.0362316 0.3093004 0.03035308 
