0.09265384 0.09265384 
0.07720988 0.07720988 
0.06835354 0.06835354 
0.08040148 0.08040148 
0.0837197 0.0837197 
0.0747275 0.0747275 
0.06357176 0.06357176 
0.08775994 0.08775994 
0.08557635 0.08557635 
0.08069287 0.08069287 
0.09830925 0.09830925 
0.08717244 0.08717244 
0.08476863 0.08476863 
0.0614299 0.0614299 
0.08376973 0.08376973 
0.08325695 0.08325695 
0.07835796 0.07835796 
0.09430537 0.09430537 
0.09275902 0.09275902 
0.07849874 0.07849874 
0.08855478 0.08855478 
0.08806155 0.08806155 
0.07245005 0.07245005 
0.08842408 0.08842408 
0.08328958 0.08328958 
0.09069593 0.09069593 
0.08540451 0.08540451 
0.08372855 0.08372855 
0.0809998 0.0809998 
0.08234397 0.08234397 
0.09092539 0.09092539 
0.09166215 0.09166215 
0.08845688 0.08845688 
0.07991562 0.07991562 
0.08782938 0.08782938 
0.08826874 0.08826874 
0.08151809 0.08151809 
0.07894907 0.07894907 
0.08342189 0.08342189 
0.07498942 0.07498942 
0.08658731 0.08658731 
0.08366719 0.08366719 
0.08036639 0.08036639 
0.08813286 0.08813286 
0.07684887 0.07684887 
0.08054787 0.08054787 
0.08834416 0.08834416 
0.08243416 0.08243416 
0.4467511 0.4467511 
0.09135266 0.09135266 
0.07270434 0.07270434 
0.0590757 0.0590757 
0.0803181 0.0803181 
0.08925026 0.08925026 
0.3473612 0.3473612 
0.08964836 0.08964836 
0.07364431 0.07364431 
0.07944994 0.07944994 
0.09043444 0.09043444 
0.07831042 0.07831042 
0.06356306 0.06356306 
0.0822778 0.0822778 
0.08559861 0.08559861 
0.08422516 0.08422516 
0.05660855 0.05660855 
0.08381833 0.08381833 
0.07521492 0.07521492 
0.08750571 0.08750571 
0.08960492 0.08960492 
0.0892374 0.0892374 
0.08077025 0.08077025 
0.08140829 0.08140829 
0.08054621 0.08054621 
0.08689373 0.08689373 
0.09881159 0.09881159 
0.08098878 0.08098878 
0.07567066 0.07567066 
0.06619258 0.06619258 
0.4316423 0.4316423 
0.07736367 0.07736367 
0.08778054 0.08778054 
0.09485254 0.09485254 
0.07347297 0.07347297 
0.08495475 0.08495475 
0.4153498 0.4153498 
0.1567884 0.1567884 
0.08342511 0.08342511 
0.4334083 0.4334083 
0.08478169 0.08478169 
0.08552628 0.08552628 
0.08278011 0.08278011 
0.463348 0.463348 
0.08634708 0.08634708 
0.081355 0.081355 
0.09114078 0.09114078 
0.08945974 0.08945974 
0.4003402 0.4003402 
0.07644152 0.07644152 
0.08128969 0.08128969 
0.0839601 0.0839601 
