0.1016788 0.04415676 
0.0898863 0.04038405 
0.1105012 0.04708696 
0.1017428 0.04307737 
0.08341153 0.04415695 
0.106847 0.04400634 
0.05850529 0.04201558 
0.1026131 0.04965303 
0.1160475 0.0529046 
0.09075395 0.0397026 
0.09838339 0.04055662 
0.1004275 0.04404777 
0.08289933 0.03723749 
0.09914061 0.04560615 
0.1139953 0.046518 
0.08647143 0.04141187 
0.09492696 0.04105406 
0.09388898 0.04142281 
0.09048262 0.03914858 
0.1237428 0.0437326 
0.1090579 0.0409732 
0.09072024 0.04257498 
0.09187713 0.04792978 
0.08130899 0.03053218 
0.09790495 0.04149388 
0.07492056 0.03029558 
0.09527884 0.0420492 
0.09561843 0.04354765 
0.06906054 0.04047853 
0.0962514 0.04736965 
0.09225207 0.03841144 
0.1104707 0.04599755 
0.100267 0.04682181 
0.09369185 0.03905467 
0.09484001 0.04158804 
0.08707061 0.03661473 
0.08034297 0.04018794 
0.08451588 0.04013042 
0.07589847 0.03906983 
0.08867563 0.04254903 
0.1042585 0.03961672 
0.08074513 0.05262509 
0.1045937 0.04056291 
0.08384333 0.03617984 
0.08830165 0.04104211 
0.1031767 0.04474806 
0.09730123 0.04389626 
0.06851853 0.04395603 
0.1028662 0.0429697 
0.1007994 0.04428778 
0.1228304 0.05972064 
0.09429052 0.04299806 
0.07938276 0.03352432 
0.08752287 0.03991329 
0.08930554 0.04376983 
0.08741448 0.03491669 
0.1081965 0.04241364 
0.08632535 0.03499963 
0.08979917 0.04021364 
0.09791058 0.04095186 
0.09543692 0.04507473 
0.1016005 0.04529472 
0.09957988 0.0420266 
0.08318928 0.0360052 
0.08483829 0.03896952 
0.08627799 0.03700947 
0.110777 0.04255465 
0.09081961 0.04200869 
0.1017922 0.0465691 
0.09520827 0.03496051 
0.08818505 0.04113516 
0.09918659 0.04857586 
0.06315253 0.04295699 
0.09603129 0.03940403 
0.09311183 0.03953872 
0.08526368 0.04531058 
0.0885027 0.0397732 
0.1007163 0.04445638 
0.0822143 0.04955923 
0.09692182 0.03723597 
0.07629365 0.04214674 
0.08350224 0.03564683 
0.05228657 0.03578425 
0.1027871 0.04150027 
0.09486755 0.04055198 
0.1057 0.04401008 
0.0866378 0.04181279 
0.09432634 0.04653722 
0.07793191 0.03939467 
0.08437233 0.04425281 
0.1007395 0.04513953 
0.07672879 0.03378847 
0.09480504 0.04691949 
0.09575781 0.03932938 
0.1167231 0.05127986 
0.1104163 0.05120137 
0.09186858 0.03711314 
0.1022462 0.05270667 
0.08981202 0.03550573 
0.08284875 0.04249564 
