0.03566237 0.03218911 0.6097246 1.479933 0.5705726 1.444872 
0.05272288 0.04097636 0.9885384 1.269197 0.6110885 1.114697 
0.05402444 0.04662981 1.014459 1.247931 0.5628222 1.239095 
0.0495246 0.04513804 0.7221642 1.758048 0.4601004 1.64929 
0.03913157 0.03406943 0.6200607 1.545327 0.465478 1.478639 
0.04229355 0.03826117 0.6449357 1.526669 0.4649483 1.241928 
0.04538723 0.03699179 0.8049366 1.408494 0.5357761 1.20019 
0.04597183 0.04174719 0.6088152 1.51643 0.5683891 1.463373 
0.03947399 0.03598259 1.008215 1.467555 0.574146 1.4389 
0.05013707 0.03380609 1 1.496617 0.4654408 1.462164 
0.04525917 0.03619818 1.26806 1.455286 0.538354 0.9590619 
0.04026965 0.03616537 1.032439 1.694639 0.5470448 1.356871 
0.04410726 0.0400848 1.245166 1.413368 0.4703226 1.355322 
0.04724943 0.03848454 0.8847395 1.440473 0.5588933 1.486513 
0.05198741 0.04656501 0.9000321 1.341362 0.5575225 1.308925 
0.0425897 0.03830317 0.7758016 1.492074 0.4067271 1.331158 
0.03896862 0.0334389 0.5955787 1.679149 0.5061905 1.392708 
0.04468987 0.03773647 0.6835414 1.550565 0.5098775 1.537181 
0.04581837 0.04539747 0.6461343 1.461344 0.6004686 1.261129 
0.03834581 0.03547524 1.11233 1.535219 0.4671746 1.516225 
0.06175615 0.05152922 1 1.611471 0.5298371 1.593244 
0.04391836 0.04181004 1 1.56435 0.5803147 1.390863 
0.04396847 0.03989364 0.895292 1.709836 0.3860048 0.9290584 
0.04691533 0.04114716 0.5819641 1.584402 0.4295522 1.368484 
0.05146484 0.04019713 1 1.595861 0.5329017 1.57686 
0.04768586 0.04422263 1.0252 1.520493 0.4842951 1.266693 
0.04908838 0.03891571 0.8113652 1.445583 0.3925846 1.104006 
0.05195303 0.043099 0.9121247 1.663613 0.5473988 1.2116 
0.04815852 0.04029506 1 1.639275 0.6757305 1.643037 
0.0427944 0.04068221 0.9397519 1.49717 0.9586949 1.483873 
0.04813176 0.0444063 0.7862382 1.659927 0.5332507 1.654407 
0.04197902 0.03921971 1.024499 1.492354 0.8312783 1.546216 
0.03856491 0.03546028 0.5922962 1.663034 0.413803 1.401651 
0.04441058 0.04077148 0.9604827 1.497092 0.433495 1.119013 
0.04087212 0.03699449 1 1.50727 0.4848049 1.415841 
0.05259005 0.03943225 1.073656 1.642064 0.503988 1.607612 
0.05377987 0.04618028 1.044985 1.379553 0.5025562 1.17809 
0.04009472 0.03289561 1 1.570095 0.5089562 1.592183 
0.0420038 0.03598168 1 1.872781 0.5324227 1.734651 
0.04599877 0.04311501 0.5971299 1.487469 0.4460569 1.470762 
0.04566017 0.042186 0.6062441 1.653019 0.5095198 1.405876 
0.05182434 0.0437796 1 1.898489 0.5496357 1.707113 
0.04229338 0.03782829 0.7545891 1.55436 0.4335631 1.398147 
0.05333603 0.05409131 0.872792 1.193767 0.4995351 1.356943 
0.06365431 0.05842849 1 1.488319 0.5437126 1.21581 
0.05058564 0.0456045 1.105852 1.437422 0.5619937 1.458295 
0.03965186 0.03626551 0.8254068 1.61288 0.4985412 1.5882 
0.04849861 0.03909919 0.9484945 1.656922 0.5725306 1.30166 
0.04551771 0.04294924 1 1.728432 0.3951924 1.645885 
0.05313448 0.04570433 0.9318966 1.414026 0.4257541 1.224668 
0.04496706 0.03884 1.334677 1.368945 0.5063966 1.31926 
0.04391032 0.03576411 0.7520269 1.435406 0.59667 1.171424 
0.03749869 0.03596842 0.9241834 1.578716 0.5450948 1.302285 
0.04302002 0.03960349 1 1.68615 0.5324468 1.416271 
0.04735323 0.05019145 1.247038 1.528771 0.5365037 1.14161 
0.04996983 0.04326373 1 1.521761 0.5238785 1.562766 
0.04172192 0.03961108 1.230111 1.632907 0.7727935 1.638189 
0.04480422 0.04243368 0.8848121 1.421735 0.51137 1.182581 
0.05466536 0.0510186 0.7558626 1.556028 0.46585 1.634572 
0.03995314 0.03848238 0.6993301 1.603116 0.5792566 1.282918 
0.04169773 0.03717266 1 1.584065 0.8293158 1.518805 
0.04358241 0.03881887 1.033844 1.634717 0.7933682 1.464729 
0.03736507 0.03009056 1.2099 1.755907 0.5816051 1.466412 
0.04992946 0.04662377 1 1.443541 0.5347572 1.155724 
0.03924601 0.03683993 1 1.383929 0.4742604 1.344003 
0.04253278 0.03912258 1.043341 1.292633 0.5631229 1.238111 
0.05035547 0.04627221 0.6083327 1.62518 0.3864232 1.511607 
0.03906253 0.03429112 0.7897504 1.733187 0.4716236 1.182247 
0.04424137 0.03882167 1 1.646397 0.7915013 1.337018 
0.0437885 0.04395413 1 1.451476 0.4473519 1.167108 
0.04211009 0.03638774 0.7701319 1.444403 0.402073 1.441326 
0.05198251 0.03996858 1 1.536006 0.6141104 1.577745 
0.05425708 0.04161186 1 1.596905 0.6018329 1.075256 
0.04241428 0.04036648 1 1.626355 0.4757799 1.180679 
0.04780916 0.04271511 0.6258575 1.707502 0.3708479 1.356458 
0.05571403 0.04365875 1.121038 1.511017 0.5415658 1.390614 
0.04037192 0.0350517 0.6179899 1.483323 0.5164444 1.377826 
0.0437894 0.03717023 1 1.545991 0.4974796 1.625475 
0.0484485 0.04549906 1 1.580107 0.5471394 1.275899 
0.048391 0.03840729 1.37489 1.682434 0.5173024 1.599078 
0.03988829 0.03997714 1.013301 1.572478 0.4990557 1.323017 
0.0401206 0.03538391 0.5907399 1.660446 0.5096203 1.409362 
0.04402533 0.03564809 1.477685 1.4494 0.5748689 1.572181 
0.05961631 0.05330254 0.894202 1.542715 0.6014055 1.186951 
0.05340347 0.04590606 0.6608085 1.737415 0.5019001 1.336896 
0.06346033 0.05436427 1.108053 1.397933 0.5188211 1.392793 
0.03831434 0.03591254 1.200095 1.483734 0.4781857 1.322905 
0.04375204 0.04074889 0.9306773 1.330003 0.7385502 1.170476 
0.04401364 0.03849575 1 1.66306 0.5206349 1.497167 
0.04832015 0.03987086 1 1.602824 0.6564866 1.532148 
0.04300856 0.03806485 0.6040152 1.23608 0.5252091 1.173565 
0.04093798 0.0367099 1.168408 1.30862 0.4043747 1.297268 
0.04865913 0.04476609 0.6293376 1.597983 0.5895453 1.656694 
0.03942073 0.0319487 1 1.553019 0.5138693 1.268684 
0.05462616 0.04248669 1.022203 1.47754 0.5006374 1.535914 
0.04349116 0.03749389 0.7128935 1.746368 0.4854477 1.323362 
0.04996976 0.03483054 1.109819 1.521034 0.5324522 1.27011 
0.05022659 0.03938168 1 1.494237 0.4704746 1.383303 
0.05205199 0.04124323 0.8077323 1.708714 0.4752676 1.563259 
0.0379032 0.03420816 0.5981467 1.366316 0.5613545 1.03041 
