0.02265166 0.02265166 
0.0233079 0.0233079 
0.02560666 0.02560666 
0.02213963 0.02213963 
0.02343133 0.02343133 
0.02139629 0.02139629 
0.02027297 0.02027297 
0.02313617 0.02313617 
0.02283424 0.02283424 
0.02168158 0.02168158 
0.02213713 0.02213713 
0.02279021 0.02279021 
0.02420758 0.02420758 
0.02558255 0.02558255 
0.02628969 0.02628969 
0.0215791 0.0215791 
0.0248154 0.0248154 
0.0220317 0.0220317 
0.02079299 0.02079299 
0.02050257 0.02050257 
0.02235744 0.02235744 
0.02338063 0.02338063 
0.02571698 0.02571698 
0.02363022 0.02363022 
0.02175892 0.02175892 
0.02330512 0.02330512 
0.02470306 0.02470306 
0.02156555 0.02156555 
0.02145347 0.02145347 
0.02564129 0.02564129 
0.02462013 0.02462013 
0.02387881 0.02387881 
0.02171308 0.02171308 
0.02453359 0.02453359 
0.02390495 0.02390495 
0.02007121 0.02007121 
0.02199172 0.02199172 
0.02164379 0.02164379 
0.01991381 0.01991381 
0.0229727 0.0229727 
0.02431746 0.02431746 
0.02304297 0.02304297 
0.02220627 0.02220627 
0.02223175 0.02223175 
0.02142913 0.02142913 
0.02296516 0.02296516 
0.02341996 0.02341996 
0.02283237 0.02283237 
0.02355504 0.02355504 
0.02052082 0.02052082 
0.02299556 0.02299556 
0.02541467 0.02541467 
0.02372767 0.02372767 
0.02371487 0.02371487 
0.02159356 0.02159356 
0.02331808 0.02331808 
0.0237947 0.0237947 
0.02109027 0.02109027 
0.02170738 0.02170738 
0.02526125 0.02526125 
0.02331306 0.02331306 
0.02391089 0.02391089 
0.02124986 0.02124986 
0.02244851 0.02244851 
0.02232098 0.02232098 
0.02011314 0.02011314 
0.020284 0.020284 
0.02480235 0.02480235 
0.02458492 0.02458492 
0.02299262 0.02299262 
0.01955663 0.01955663 
0.02297778 0.02297778 
0.02148277 0.02148277 
0.02118269 0.02118269 
0.02289284 0.02289284 
0.02222984 0.02222984 
0.02148025 0.02148025 
0.02304295 0.02304295 
0.02050248 0.02050248 
0.02254226 0.02254226 
0.0234848 0.0234848 
0.0222567 0.0222567 
0.02280192 0.02280192 
0.02231589 0.02231589 
0.02152135 0.02152135 
0.02696584 0.02696584 
0.0226355 0.0226355 
0.02180659 0.02180659 
0.0243534 0.0243534 
0.02031947 0.02031947 
0.02565291 0.02565291 
0.02296759 0.02296759 
0.02158713 0.02158713 
0.02154659 0.02154659 
0.02147403 0.02147403 
0.06212619 0.06212619 
0.02100199 0.02100199 
0.02245379 0.02245379 
0.02365411 0.02365411 
0.02372015 0.02372015 
