0.07109337 0.07109337 
0.04766726 0.04766726 
0.05608997 0.05608997 
0.06441245 0.06441245 
0.07302915 0.07302915 
0.07716806 0.07716806 
0.06634858 0.06634858 
0.06843596 0.06843596 
0.07795355 0.07795355 
0.08559213 0.08559213 
0.07419068 0.07419068 
0.06880428 0.06880428 
0.07062372 0.07062372 
0.07293523 0.07293523 
0.07282208 0.07282208 
0.07236315 0.07236315 
0.07350918 0.07350918 
0.07446114 0.07446114 
0.3012695 0.3012695 
0.08071625 0.08071625 
0.1281241 0.1281241 
0.07760454 0.07760454 
0.04382891 0.04382891 
0.07918861 0.07918861 
0.06020758 0.06020758 
0.07952357 0.07952357 
0.07447436 0.07447436 
0.07633639 0.07633639 
0.08353914 0.08353914 
0.06654882 0.06654882 
0.07169079 0.07169079 
0.07589187 0.07589187 
0.06936943 0.06936943 
0.07559204 0.07559204 
0.06049348 0.06049348 
0.07299368 0.07299368 
0.07868092 0.07868092 
0.0755517 0.0755517 
0.06747287 0.06747287 
0.07774743 0.07774743 
0.06927629 0.06927629 
0.07073537 0.07073537 
0.06544044 0.06544044 
0.07803022 0.07803022 
0.08545601 0.08545601 
0.08397717 0.08397717 
0.07714074 0.07714074 
0.07336829 0.07336829 
0.04703718 0.04703718 
0.0661491 0.0661491 
0.3287654 0.3287654 
0.06840166 0.06840166 
0.08265865 0.08265865 
0.06759411 0.06759411 
0.07357831 0.07357831 
0.07845571 0.07845571 
0.0482842 0.0482842 
0.07692755 0.07692755 
0.07554013 0.07554013 
0.07212049 0.07212049 
0.07524709 0.07524709 
0.07792345 0.07792345 
0.08053896 0.08053896 
0.07621482 0.07621482 
0.2941747 0.2941747 
0.06784343 0.06784343 
0.07308742 0.07308742 
0.07457073 0.07457073 
0.07997125 0.07997125 
0.07179479 0.07179479 
0.07338448 0.07338448 
0.07704139 0.07704139 
0.07524643 0.07524643 
0.07399334 0.07399334 
0.07853192 0.07853192 
0.07237857 0.07237857 
0.07473502 0.07473502 
0.08108725 0.08108725 
0.07929709 0.07929709 
0.07150145 0.07150145 
0.07850636 0.07850636 
0.07071269 0.07071269 
0.07773983 0.07773983 
0.07536072 0.07536072 
0.07391168 0.07391168 
0.08172508 0.08172508 
0.06763626 0.06763626 
0.07381042 0.07381042 
0.07847743 0.07847743 
0.07383352 0.07383352 
0.08258751 0.08258751 
0.07594509 0.07594509 
0.07085454 0.07085454 
0.07614403 0.07614403 
0.08212307 0.08212307 
0.07098603 0.07098603 
0.07694299 0.07694299 
0.07617004 0.07617004 
0.0554337 0.0554337 
0.05692638 0.05692638 
