0.683125 0.8834958 
0.853272 1.125806 
0.8982482 1.159739 
0.9279218 1.124253 
0.8890507 1.103984 
0.7649391 1.056721 
0.956938 1.212692 
0.9524367 1.212677 
0.8716254 1.119754 
0.8752995 1.142966 
0.8273103 1.100464 
0.9570155 1.213492 
0.9442894 1.192483 
0.8632755 1.126299 
0.9093926 1.161631 
0.9471176 1.204809 
0.628757 1.217014 
0.6329458 1.182811 
0.6424327 0.9407144 
0.6388164 0.9099758 
0.6029181 0.8824894 
0.5771222 0.8104305 
0.380465 0.544564 
0.8576405 1.100473 
0.6272912 1.122613 
0.5228825 1.009324 
0.3879993 0.5475016 
0.3165004 0.7381213 
0.5475137 0.7872655 
0.4952407 0.68925 
0.5624213 0.7461708 
0.5400021 0.8110907 
0.327785 0.6069434 
0.4703405 0.8011215 
0.6041381 0.8867571 
0.5956645 0.8686118 
0.5835834 0.8568673 
0.6435289 0.9497812 
0.5978165 0.8083007 
0.5718381 0.8363571 
0.6573389 0.9400947 
0.5928597 0.8708947 
0.3613703 0.6366765 
0.5724666 0.7465341 
0.5074141 0.6811969 
0.4443376 0.6222758 
0.3544667 0.6266444 
0.5738933 0.7443864 
0.3255675 0.5018632 
0.5098741 0.8024113 
0.6216738 0.9142683 
0.5600147 0.7435062 
0.5325587 0.7326794 
0.6401587 0.925179 
0.5777013 0.8557868 
0.8570375 1.152025 
0.5672121 0.8434999 
0.3522689 0.5388362 
0.4967794 0.6669643 
0.3404112 0.6248596 
0.5853229 0.8525174 
0.3327203 0.542871 
0.5834255 0.8580139 
0.3946099 0.5943213 
0.5507944 0.8371477 
0.4105778 0.6089935 
0.9070537 1.211502 
0.632643 0.8672473 
0.6368511 0.9795444 
0.7096684 1.013835 
0.6783175 1.025797 
0.6823814 1.015225 
0.6970196 1.047924 
0.4301174 0.7392125 
0.7053704 1.0479 
0.6863341 1.093086 
0.8294942 1.167124 
0.6270127 0.921551 
0.667845 0.9828537 
0.8941445 1.192829 
0.5996027 0.8845925 
0.6478415 0.8529682 
0.6252146 0.8243284 
0.6087921 0.9439776 
0.5601225 0.7311273 
0.5204058 0.7052426 
0.8080764 1.073338 
0.4622369 0.6159744 
0.3640056 0.5255418 
0.3628607 0.5000467 
0.5738041 0.7310452 
0.8458369 1.024034 
0.6659751 0.886708 
0.3492875 0.6784184 
0.8238227 1.105943 
0.2774563 0.5456028 
0.3794656 0.5272818 
0.2604675 0.397481 
0.3243911 0.6286633 
0.3168881 0.4275033 
