1.096792 1.762626 
1.707791 2.745055 
1.422191 2.032077 
2.12274 3.276922 
2.312194 3.659403 
2.221542 3.632544 
2.151032 3.104078 
2.3441 3.662184 
2.115782 3.463275 
1.926352 3.228798 
2.357242 3.691995 
0.8223965 1.166638 
0.9041231 1.344467 
0.8384843 1.213357 
1.420265 2.08683 
1.98297 2.865388 
1.713143 2.468735 
1.106937 1.647627 
1.798502 2.583326 
1.913231 2.666138 
1.788166 2.593023 
0.7973895 1.090143 
1.785604 2.548121 
1.72709 2.463308 
0.5797911 0.8784468 
0.7612765 1.086517 
1.096499 1.690805 
0.7423363 1.04886 
0.676419 1.245766 
0.4794538 0.9712014 
1.072236 1.612218 
1.047661 1.58479 
1.373876 1.913 
1.04519 1.562752 
1.69155 2.526202 
1.78751 2.423586 
0.9236035 1.418772 
0.4762225 0.7124758 
0.8482115 1.3026 
0.4434514 0.6699901 
0.4424202 0.6793942 
0.4306824 0.6492896 
0.4588661 0.6840732 
0.4363115 0.6577687 
1.564294 2.202955 
0.8268471 1.169733 
0.8283622 1.159766 
1.065468 1.400481 
0.8146529 1.155701 
1.264427 1.924396 
0.8009882 1.157864 
1.613227 2.305058 
0.4773457 0.7064371 
0.5048733 0.739392 
0.5098047 0.7484145 
1.287876 1.672519 
0.6954193 1.140019 
0.8622129 1.297516 
0.4608867 0.6848626 
0.8412447 1.241838 
0.9280913 1.38496 
0.4610291 0.6881478 
0.6382399 0.8543236 
0.9380982 1.398063 
0.7205307 1.164245 
0.8595622 1.293453 
0.8811991 1.310516 
0.5231631 0.7631745 
0.5030425 0.7347608 
0.4750626 0.6999652 
0.5509925 1.013129 
0.8493803 1.107936 
0.6398089 0.9006257 
0.5135157 0.7713928 
0.5070219 0.7794802 
0.7556531 1.08222 
0.7615759 1.041625 
0.7650688 1.134221 
0.6979818 1.003362 
0.5739708 0.9102333 
0.7690623 1.070435 
0.8313186 1.228188 
0.7801321 1.116527 
0.8370709 1.182039 
0.7628977 1.056739 
1.355428 1.955967 
0.7793715 1.090022 
0.737865 1.049581 
0.7532487 1.067416 
0.7832985 1.075207 
0.7747455 1.092372 
0.7341578 1.01485 
0.671067 0.9630632 
0.6204104 0.8994963 
0.6930692 1.039109 
0.7078867 0.9735084 
0.6067569 0.8774316 
0.4851177 0.7148628 
0.513803 0.7437439 
0.3855739 0.602653 
