0.03183437 0.0308167 
0.03559573 0.03478326 
0.03511683 0.03413946 
0.09247819 0.08840883 
0.03261054 0.03136379 
0.03850865 0.03736451 
0.03663515 0.03545045 
0.03347475 0.03218958 
0.0319983 0.0302398 
0.03653373 0.03590363 
0.03614447 0.03496114 
0.0321717 0.03134246 
0.03499263 0.03450534 
0.03302621 0.03231057 
0.03657682 0.03719435 
0.03543908 0.03502514 
0.03544302 0.03534469 
0.03362487 0.03297495 
0.03604433 0.03460822 
0.03320617 0.03245304 
0.03675866 0.03461403 
0.03984147 0.03972204 
0.03450646 0.03644413 
0.0307599 0.03017724 
0.03630854 0.03554308 
0.03865136 0.03945094 
0.03983101 0.03915476 
0.03551958 0.03472838 
0.03692277 0.03615128 
0.03523755 0.03462312 
0.03324757 0.03341174 
0.03603366 0.03491548 
0.03688016 0.036244 
0.03921756 0.03879046 
0.03427008 0.03314495 
0.03361893 0.03226428 
0.0377296 0.0370519 
0.03734297 0.03617814 
0.03621397 0.03534661 
0.03467405 0.03423527 
0.03203139 0.03136833 
0.03655122 0.03467209 
0.03613501 0.03554888 
0.03623962 0.03607988 
0.03336979 0.03332905 
0.03491949 0.03341614 
0.03494868 0.03399887 
0.03619812 0.03619475 
0.04122253 0.04096911 
0.03417064 0.03324342 
0.03833255 0.03779439 
0.0358859 0.03473914 
0.03639315 0.03557484 
0.0378541 0.03765033 
0.03653465 0.03719104 
0.04118584 0.03982004 
0.03759517 0.03677011 
0.03346773 0.03347432 
0.03422503 0.0332971 
0.03546743 0.03503018 
0.09271508 0.09059989 
0.03511019 0.03475363 
0.03372433 0.03321499 
0.03579166 0.03552878 
0.03942396 0.03730634 
0.03441509 0.03343821 
0.03474628 0.03440107 
0.03431526 0.03302944 
0.03346037 0.03400584 
0.04006425 0.03900329 
0.03501707 0.03399556 
0.03634288 0.03554497 
0.03563053 0.03480067 
0.03337664 0.03283299 
0.03539516 0.03482168 
0.03411691 0.03344877 
0.03265317 0.03188862 
0.03375162 0.03241462 
0.03403546 0.03365488 
0.03467494 0.03475076 
0.03244945 0.03149539 
0.0382112 0.03630924 
0.03670079 0.03567441 
0.03312367 0.03270857 
0.03563751 0.03524381 
0.03609861 0.03581834 
0.03653022 0.03578534 
0.03443064 0.03362146 
0.03898995 0.0382825 
0.03423117 0.03380462 
0.04036758 0.03955079 
0.03358238 0.03351391 
0.03552487 0.03430877 
0.03583298 0.03350137 
0.03161599 0.03103495 
0.03796106 0.03587642 
0.0382852 0.03721247 
0.03417571 0.03332142 
0.04731739 0.0448028 
0.03319412 0.0321781 
