1.180019 1.436566 
0.7441242 1.029144 
0.8354964 1.098598 
0.8504038 1.031119 
0.9023581 1.125093 
0.9162319 1.165269 
0.6611941 0.846822 
0.8717649 1.120236 
0.8550236 1.109424 
0.9259925 1.19147 
0.6681275 0.852133 
0.863878 1.11158 
0.8823061 1.144321 
0.8271117 1.020812 
0.9238594 1.185787 
0.891202 1.150866 
0.7028842 1.003337 
0.4176464 0.6029427 
0.53269 1.015584 
0.6508632 0.9214704 
0.5257919 1.019025 
0.5986125 0.8801842 
0.5943017 0.863831 
0.9309754 1.215015 
0.5168602 0.7803168 
0.5910933 0.8593004 
0.6212518 0.8761489 
0.5967574 0.8619084 
0.5428276 0.7000294 
0.6877732 0.9427226 
0.4736979 0.7080984 
0.3762751 0.6446176 
0.3147852 0.5401955 
0.597913 0.8910713 
0.6371639 0.9291561 
0.6259375 0.9009514 
0.5080388 0.784708 
0.4899635 0.7929406 
0.6205025 0.9176543 
0.6247368 0.919821 
0.6226487 0.9154804 
0.684001 0.9625638 
0.4843025 0.7973702 
0.4947124 0.6792858 
0.5717072 0.8148439 
0.3380399 0.5171487 
0.3048863 0.5663595 
0.538739 0.7931497 
0.4553845 0.7190552 
0.3534567 0.5439622 
0.4865901 0.7826297 
0.6017241 0.8840678 
0.6200731 0.9209104 
0.5997179 0.9025249 
0.5991778 0.9268525 
0.3867378 0.5637462 
0.607743 0.9070361 
0.6528847 0.9302852 
0.5947127 0.8750811 
0.5303011 0.7292979 
0.3622594 0.6435926 
0.4483111 0.6346679 
0.3123457 0.4868157 
0.5477791 0.8356061 
0.5185444 0.7858844 
0.488184 0.6823518 
0.908823 1.242576 
0.4441664 0.7745469 
0.5791531 0.9367933 
0.6114063 0.9362891 
0.6291769 0.9608083 
0.6421695 0.9708719 
0.6180074 0.9282849 
0.7122874 1.033248 
0.6591158 0.9746122 
0.5767975 0.8711214 
0.564635 0.8961797 
0.588872 0.879827 
0.4033637 0.6104994 
0.5564928 0.8015649 
0.8459325 1.145211 
0.7835448 1.075526 
0.3776178 0.6850929 
0.5667691 0.8814685 
0.6270852 1.139135 
0.4007595 0.9555004 
0.6012814 0.8742571 
0.8125386 1.105384 
0.7893119 1.070393 
0.5829916 0.9667313 
0.3117201 0.4524016 
0.2676759 0.3999636 
0.3291264 0.4788058 
0.5601034 0.7391226 
0.390512 0.6677723 
0.4931815 0.6534173 
0.2297013 0.3554258 
0.2341111 0.3606524 
0.2134972 0.3256307 
0.2038422 0.3179295 
