0.02006074 0.02006074 
0.01872222 0.01872222 
0.02148784 0.02148784 
0.02145429 0.02145429 
0.02271639 0.02271639 
0.02162934 0.02162934 
0.02087006 0.02087006 
0.021272 0.021272 
0.02139746 0.02139746 
0.02132544 0.02132544 
0.01897403 0.01897403 
0.01922488 0.01922488 
0.02107523 0.02107523 
0.0215254 0.0215254 
0.01992416 0.01992416 
0.02212567 0.02212567 
0.01788647 0.01788647 
0.02144786 0.02144786 
0.01845021 0.01845021 
0.02122869 0.02122869 
0.02240737 0.02240737 
0.02098945 0.02098945 
0.02072148 0.02072148 
0.01780939 0.01780939 
0.01928857 0.01928857 
0.02197869 0.02197869 
0.01928288 0.01928288 
0.0203083 0.0203083 
0.0182198 0.0182198 
0.02077058 0.02077058 
0.02177664 0.02177664 
0.01927128 0.01927128 
0.01682938 0.01682938 
0.02158291 0.02158291 
0.0218524 0.0218524 
0.01720677 0.01720677 
0.02129877 0.02129877 
0.02403732 0.02403732 
0.02110131 0.02110131 
0.02032386 0.02032386 
0.02217702 0.02217702 
0.02210433 0.02210433 
0.02075795 0.02075795 
0.02038045 0.02038045 
0.02145297 0.02145297 
0.02045656 0.02045656 
0.02325045 0.02325045 
0.02034961 0.02034961 
0.023349 0.023349 
0.0208267 0.0208267 
0.01996911 0.01996911 
0.01983168 0.01983168 
0.02091795 0.02091795 
0.02121427 0.02121427 
0.02161262 0.02161262 
0.01995255 0.01995255 
0.01863394 0.01863394 
0.01821729 0.01821729 
0.02032436 0.02032436 
0.01956389 0.01956389 
0.02698233 0.02698233 
0.01907565 0.01907565 
0.02147778 0.02147778 
0.02201309 0.02201309 
0.0219814 0.0219814 
0.0191057 0.0191057 
0.02308612 0.02308612 
0.01890811 0.01890811 
0.01959874 0.01959874 
0.01997367 0.01997367 
0.02233707 0.02233707 
0.0190688 0.0190688 
0.0190668 0.0190668 
0.02132423 0.02132423 
0.02059147 0.02059147 
0.02244676 0.02244676 
0.02154456 0.02154456 
0.01987888 0.01987888 
0.01798456 0.01798456 
0.02163093 0.02163093 
0.02071855 0.02071855 
0.02299459 0.02299459 
0.01924215 0.01924215 
0.02370385 0.02370385 
0.01956757 0.01956757 
0.02235692 0.02235692 
0.02081372 0.02081372 
0.02248929 0.02248929 
0.01942106 0.01942106 
0.01831879 0.01831879 
0.02116707 0.02116707 
0.02202166 0.02202166 
0.01960428 0.01960428 
0.02227277 0.02227277 
0.01735499 0.01735499 
0.02271968 0.02271968 
0.02640723 0.02640723 
0.0217288 0.0217288 
0.02025791 0.02025791 
0.02049429 0.02049429 
