0.04099967 0.03870102 
0.03799561 0.03671057 
0.03874106 0.03489242 
0.06007597 0.04968872 
0.03741559 0.03463383 
0.05051814 0.04766833 
0.04780763 0.04543251 
0.03920681 0.03633951 
0.03670257 0.03384111 
0.04505909 0.04391006 
0.04105091 0.03905669 
0.03427425 0.03128114 
0.03759461 0.03675252 
0.03831251 0.03700258 
0.04151122 0.04242318 
0.03472896 0.03349893 
0.04264685 0.04158582 
0.03750678 0.03552268 
0.03901252 0.03587938 
0.04083674 0.03876994 
0.04610903 0.04243052 
0.0476958 0.04744138 
0.03956499 0.04241522 
0.03360645 0.03251787 
0.04007177 0.0380898 
0.04617041 0.04651646 
0.05022083 0.04872638 
0.04209471 0.0397547 
0.04444031 0.04267863 
0.04170492 0.03979436 
0.03809983 0.03770711 
0.04966659 0.04688577 
0.04796776 0.04689507 
0.04947467 0.04864984 
0.03847213 0.03607662 
0.03678855 0.03484012 
0.04736162 0.04609211 
0.04759246 0.04514205 
0.04599393 0.04370362 
0.03614671 0.03480911 
0.04310483 0.04182717 
0.04216124 0.03701209 
0.04116452 0.03982264 
0.03934642 0.03839634 
0.04039284 0.03926882 
0.0334612 0.0309432 
0.03684525 0.03485787 
0.03900124 0.03874432 
0.04825533 0.04786556 
0.04361091 0.04176461 
0.04660343 0.04522335 
0.0405919 0.03805076 
0.04412623 0.04226347 
0.04649828 0.04624457 
0.04068707 0.0423635 
0.03815022 0.0356745 
0.05213551 0.05025309 
0.03465973 0.03464515 
0.03550013 0.03377727 
0.04438847 0.04356576 
0.05015926 0.04114575 
0.0367872 0.03597445 
0.03818676 0.03662981 
0.04122771 0.0408011 
0.04913263 0.04504525 
0.03593492 0.03384715 
0.03974418 0.03868452 
0.04113001 0.03745697 
0.03760175 0.03909103 
0.04595192 0.04380274 
0.03751966 0.03593947 
0.04240383 0.04049906 
0.03910949 0.03750239 
0.0386353 0.03751084 
0.0420388 0.04088092 
0.03315803 0.03189353 
0.03949412 0.03806022 
0.03594027 0.03376445 
0.04121266 0.04053816 
0.03635153 0.03621213 
0.03406057 0.03162536 
0.04857609 0.04467111 
0.04666459 0.04427284 
0.03820102 0.03645958 
0.0404041 0.03993521 
0.04061428 0.03983123 
0.04713848 0.04577215 
0.03896004 0.03721706 
0.05112143 0.04977383 
0.03898519 0.03802757 
0.05091758 0.04930644 
0.0348681 0.03402131 
0.04310189 0.04058574 
0.04369385 0.03880063 
0.03471191 0.03364237 
0.05037764 0.04571884 
0.04729891 0.04581084 
0.03698309 0.0350989 
0.04565846 0.03963784 
0.0358263 0.03310091 
