0.05092851 0.04901051 
0.03721779 0.03586424 
0.04148558 0.03910964 
0.04572791 0.04309021 
0.04579699 0.0437116 
0.04534343 0.04156825 
0.04180768 0.04050514 
0.04295909 0.04303526 
0.04327333 0.03916487 
0.04214089 0.03959749 
0.06100597 0.05892449 
0.05333812 0.04872014 
0.03894165 0.0385144 
0.04477945 0.04385274 
0.04274107 0.04098671 
0.0441446 0.04209284 
0.04596717 0.04262578 
0.05367072 0.05131781 
0.05389183 0.05221714 
0.03952937 0.03659929 
0.03894618 0.03698269 
0.04411391 0.04009186 
0.0378989 0.03651913 
0.05153337 0.05066923 
0.04593274 0.04506725 
0.04539638 0.04354661 
0.03545875 0.03388715 
0.04836776 0.04639284 
0.04325197 0.03874488 
0.04814299 0.04602871 
0.05189208 0.0480414 
0.04337793 0.04113994 
0.04163004 0.03906166 
0.04075311 0.03981831 
0.04306251 0.03953956 
0.05080242 0.0489264 
0.04023148 0.03638937 
0.04705952 0.04631208 
0.04519253 0.04482775 
0.03842331 0.03621978 
0.04481136 0.04403372 
0.04254308 0.0407858 
0.03621314 0.03315753 
0.04681892 0.04365635 
0.04747825 0.04231147 
0.04280387 0.04129257 
0.0410401 0.03725706 
0.05040405 0.05106549 
0.04596305 0.03873736 
0.05285497 0.05090063 
0.03977045 0.03596295 
0.04388098 0.04274236 
0.04568708 0.04346824 
0.04845663 0.04719026 
0.04671949 0.04080033 
0.03744194 0.03605035 
0.03885487 0.0371338 
0.04650877 0.04420589 
0.05120612 0.04965047 
0.04754405 0.04575729 
0.04722274 0.04459028 
0.04614182 0.04489042 
0.04278247 0.03986757 
0.0380181 0.03642936 
0.04347194 0.04056464 
0.04083616 0.03795859 
0.0444839 0.0404889 
0.04196604 0.03546013 
0.04530459 0.04362143 
0.04198262 0.04044098 
0.04913996 0.04367571 
0.03875695 0.03729703 
0.03697625 0.03578834 
0.04032091 0.03797661 
0.04459792 0.0415374 
0.05020358 0.04585458 
0.04430848 0.0432264 
0.03884211 0.03784161 
0.04436121 0.04003513 
0.03841884 0.0354565 
0.04436383 0.04201653 
0.04482177 0.0416914 
0.03792595 0.03451465 
0.03957703 0.03833329 
0.04565056 0.0406623 
0.04088382 0.03739652 
0.04014119 0.03905894 
0.04292133 0.03800292 
0.04124873 0.03699361 
0.03901665 0.03803527 
0.04096975 0.03922975 
0.047165 0.04152096 
0.04633456 0.0427515 
0.04831166 0.04289212 
0.0457725 0.04577112 
0.05780622 0.05569477 
0.06451894 0.05711542 
0.03613884 0.03456682 
0.04058829 0.04176481 
0.03762506 0.03349865 
