0.03147783 0.01739746 
0.03074232 0.01934521 
0.03120207 0.01857387 
0.03111868 0.01802852 
0.03129624 0.01682914 
0.03075095 0.01736888 
0.03029252 0.01825327 
0.03188336 0.0172222 
0.03185392 0.01694938 
0.03158018 0.01909956 
0.03171026 0.01616881 
0.03092255 0.01971975 
0.03173288 0.01902354 
0.03178983 0.02098116 
0.0313295 0.01800263 
0.03185539 0.01840824 
0.03162919 0.01722598 
0.03298917 0.01632297 
0.03149835 0.0202131 
0.03134348 0.01860234 
0.03111566 0.02066771 
0.03217388 0.01755663 
0.03081845 0.01878422 
0.03119652 0.01872577 
0.03133701 0.01832361 
0.03087898 0.01843193 
0.03154645 0.02162862 
0.0314504 0.01937457 
0.03117865 0.02134188 
0.03206435 0.01778587 
0.03085 0.01928178 
0.03165738 0.01994325 
0.03087671 0.01796958 
0.03121875 0.0189616 
0.03094787 0.01890479 
0.03209465 0.01768369 
0.03130547 0.01962529 
0.03162853 0.01650161 
0.03210301 0.01756736 
0.03150826 0.02828231 
0.03234322 0.01808125 
0.03111262 0.02298695 
0.03101374 0.02214145 
0.03091966 0.01702727 
0.03105123 0.01749854 
0.03158057 0.02201161 
0.03117461 0.01846714 
0.03104589 0.01842758 
0.031132 0.01904952 
0.03167213 0.01726585 
0.03177811 0.01983664 
0.03093943 0.01906911 
0.03168042 0.02154179 
0.0321553 0.0172683 
0.03154845 0.01595325 
0.03153302 0.01665353 
0.03110956 0.0181521 
0.03096608 0.0180955 
0.03156392 0.01958175 
0.03135488 0.0166247 
0.03170692 0.01637775 
0.03180461 0.01858178 
0.03056783 0.0195922 
0.03140939 0.01906607 
0.03026928 0.02949261 
0.0317739 0.02376992 
0.03115195 0.02001631 
0.03132927 0.01729294 
0.03127266 0.0153206 
0.03154911 0.01835942 
0.03112772 0.01604365 
0.03057112 0.01644184 
0.03117676 0.01825502 
0.03084857 0.02033198 
0.03106002 0.01803561 
0.03082857 0.02417144 
0.03083093 0.02405713 
0.03202221 0.01593894 
0.03096279 0.01916521 
0.03202062 0.02078144 
0.03134785 0.01891762 
0.03110323 0.01815979 
0.03174275 0.0183652 
0.03105243 0.01761035 
0.03641548 0.01713086 
0.03122468 0.01816778 
0.03153492 0.01925724 
0.03168053 0.01979926 
0.0312988 0.02140802 
0.03133752 0.01843136 
0.03100363 0.01809169 
0.0313567 0.01842052 
0.03180429 0.01781901 
0.03121666 0.01794988 
0.03176395 0.01916835 
0.0312265 0.01847843 
0.0318706 0.02036908 
0.03187202 0.01911397 
0.03122368 0.01954662 
0.03180759 0.0197162 
