0.03357961 0.03248271 
0.03294914 0.03209375 
0.03447929 0.0324225 
0.03352512 0.03195265 
0.03191103 0.03133239 
0.03458053 0.03345169 
0.03127366 0.03026526 
0.03321954 0.03100699 
0.03523128 0.03365138 
0.03806478 0.0361862 
0.04025538 0.03589121 
0.03542085 0.03347837 
0.0370437 0.03712956 
0.03410279 0.03364565 
0.0361037 0.03461901 
0.03407014 0.03406086 
0.03362095 0.03141843 
0.03121614 0.03049882 
0.03261958 0.03189945 
0.03363683 0.03260847 
0.03554357 0.03564091 
0.0362046 0.03505577 
0.03110724 0.03101885 
0.0361591 0.03313541 
0.03379065 0.03245206 
0.03289752 0.03237291 
0.03142203 0.03056712 
0.03572952 0.03354825 
0.03592637 0.03356536 
0.03659903 0.03346316 
0.03637275 0.03490724 
0.03628796 0.03481875 
0.03522693 0.03290757 
0.03417364 0.0344086 
0.03438023 0.03201759 
0.03352583 0.03224255 
0.03330823 0.03238938 
0.03251272 0.03244976 
0.0360505 0.03473122 
0.03324152 0.03161924 
0.04086048 0.04024585 
0.03519879 0.0322631 
0.03286391 0.03168987 
0.03071965 0.03042368 
0.03248513 0.03043314 
0.03221298 0.03003726 
0.03135162 0.03040404 
0.03402846 0.03221651 
0.03567389 0.03355258 
0.03321742 0.03301619 
0.03720066 0.03534728 
0.03304264 0.03098339 
0.03375141 0.03277839 
0.03343084 0.03221672 
0.03549049 0.03190515 
0.0922363 0.0734901 
0.03489895 0.03310239 
0.03395148 0.03251014 
0.03280777 0.03230686 
0.03311419 0.03148876 
0.03531689 0.03462269 
0.03914657 0.03751695 
0.03785242 0.03457018 
0.03251469 0.03226075 
0.03281312 0.0329037 
0.03356898 0.03237914 
0.03532169 0.03470568 
0.03310479 0.03059233 
0.03264412 0.03056322 
0.03777291 0.03493005 
0.03357617 0.03119657 
0.03597242 0.03437033 
0.03213035 0.03013377 
0.03362169 0.03322184 
0.03323368 0.03250412 
0.03264375 0.03342729 
0.03553231 0.03406083 
0.03439763 0.0307692 
0.03219161 0.03158382 
0.03468094 0.03409403 
0.03570683 0.03427648 
0.03569254 0.03385819 
0.03805751 0.03725192 
0.0305897 0.03001609 
0.03289059 0.03165768 
0.04225247 0.04063747 
0.03101032 0.02980659 
0.03840068 0.03998607 
0.03278667 0.03172226 
0.03621925 0.03216441 
0.03173668 0.02996553 
0.03402291 0.03137689 
0.03312858 0.03270607 
0.03124535 0.03029622 
0.03285399 0.03134293 
0.03691429 0.03219886 
0.03569092 0.03534936 
0.03267036 0.03097145 
0.03142676 0.03052568 
0.0347761 0.03370973 
