0.03391829 0.03417057 0.2621512 0.05701798 0.1671202 0.03869546 
0.03378991 0.03330055 0.256492 0.04207145 0.1738465 0.03413122 
0.03951804 0.03879299 0.2427385 0.04080487 0.1761952 0.03216721 
0.03642079 0.03561142 0.2563678 0.05191244 0.1809204 0.0359705 
0.03621692 0.0355043 0.2378289 0.04427524 0.1774851 0.03243204 
0.03587832 0.03520682 0.2539757 0.05136327 0.1631305 0.03676129 
0.0330151 0.03270816 0.2269603 0.05463926 0.174082 0.03384396 
0.03825819 0.03774895 0.2482179 0.05962716 0.1795708 0.03750797 
0.03834805 0.03825154 0.2386809 0.05161415 0.183998 0.0321018 
0.09685347 0.0946646 0.09635097 0.05561856 0.1500741 0.03594933 
0.03720425 0.03629639 0.2581684 0.05773785 0.1705615 0.03228558 
0.04033428 0.03958433 0.2670911 0.05577191 0.1736871 0.03783631 
0.03821772 0.03703991 0.2548572 0.05034065 0.1812645 0.03976339 
0.0365765 0.03523988 0.2387771 0.0659269 0.1606603 0.03164439 
0.03752912 0.03720058 0.2464975 0.05106221 0.183064 0.03304935 
0.0356986 0.03571445 0.2643135 0.0546894 0.1644278 0.03309824 
0.03443337 0.03254285 0.2304526 0.04800164 0.1782995 0.03805162 
0.03806424 0.036518 0.2260955 0.04436578 0.1482134 0.03382402 
0.03517261 0.03433619 0.242894 0.07129894 0.1722377 0.0410339 
0.03908085 0.03875622 0.2275639 0.03941758 0.1827915 0.03518969 
0.03414774 0.03292387 0.2213303 0.04812792 0.1828336 0.03659621 
0.0347325 0.03396651 0.2602916 0.05484021 0.1762087 0.03823717 
0.03458252 0.03432234 0.2566488 0.05819333 0.1720555 0.036051 
0.03452026 0.03305888 0.2411837 0.04277799 0.1870731 0.03109687 
0.03862565 0.03820486 0.243628 0.04870504 0.1756404 0.0355376 
0.03571228 0.03498794 0.2400185 0.05106851 0.1820452 0.03563124 
0.03892089 0.03820558 0.2409632 0.07103886 0.1629274 0.03604457 
0.03544818 0.03414589 0.2300736 0.04349696 0.1714881 0.03417677 
0.03409653 0.03296267 0.2496282 0.07143596 0.1566152 0.0355022 
0.03454013 0.03345325 0.2567348 0.06024416 0.1849286 0.0343058 
0.034364 0.03407639 0.2505975 0.05061858 0.1797251 0.03357207 
0.03373421 0.03247236 0.2437872 0.03877605 0.1742897 0.03205196 
0.03473372 0.03373411 0.2353275 0.05479807 0.1816636 0.03420621 
0.04468096 0.04526477 0.128071 0.05730194 0.1688737 0.04053287 
0.03808988 0.03717299 0.2675396 0.06438278 0.1745052 0.03835226 
0.03445714 0.03403608 0.2146595 0.05904148 0.1805551 0.03446282 
0.1023077 0.1002502 0.1006162 0.06367059 0.1570133 0.03493426 
0.03626971 0.03554654 0.2504059 0.05949185 0.1623697 0.03320677 
0.0413279 0.04007165 0.2365855 0.05224394 0.1657341 0.03618583 
0.03213233 0.03179513 0.2417215 0.05189761 0.1683212 0.03507805 
0.03522157 0.03439654 0.200556 0.05111777 0.194143 0.03339956 
0.03491023 0.03444697 0.2450311 0.05626915 0.1468539 0.03243718 
0.0347033 0.03462814 0.2414601 0.05977357 0.166709 0.03714438 
0.03912355 0.03782697 0.2412807 0.04831279 0.178192 0.03913467 
0.03524905 0.03471945 0.2304023 0.05651548 0.1681943 0.03502053 
0.03470129 0.03429349 0.2248608 0.04242959 0.1838025 0.03402307 
0.0357338 0.03435024 0.2364582 0.05439036 0.1905954 0.03904764 
0.03668451 0.03523668 0.2414994 0.05903647 0.1779706 0.03614285 
0.03413557 0.03367008 0.2598759 0.0555888 0.1610571 0.03417043 
0.03533109 0.03446602 0.2319048 0.0581597 0.1579863 0.03555613 
0.03899589 0.0379136 0.2351812 0.06951846 0.181838 0.03916139 
0.03506507 0.03512812 0.262522 0.05240572 0.1589219 0.03620029 
0.04070393 0.04002277 0.2377029 0.06455712 0.1647077 0.03373765 
0.03440642 0.03242591 0.2122563 0.04685052 0.1866147 0.03435969 
0.03522666 0.03451968 0.2579807 0.07325096 0.163074 0.0384153 
0.03604 0.03523577 0.2210695 0.04879926 0.1888489 0.03557033 
0.03585231 0.03593139 0.256033 0.04175274 0.1795205 0.035604 
0.03673029 0.03645371 0.2418643 0.04883872 0.1854245 0.03116732 
0.03403194 0.03386191 0.2511706 0.04831216 0.1716509 0.03258648 
0.1014395 0.09607803 0.1003376 0.05649048 0.1620975 0.03803277 
0.03904042 0.03846251 0.2480951 0.06031566 0.1781612 0.03745696 
0.103682 0.1013401 0.1010235 0.0616911 0.1599747 0.03640065 
0.03699221 0.0353055 0.2333054 0.05518837 0.1726623 0.03617606 
0.04021918 0.0389668 0.2417101 0.06891319 0.1851493 0.03479689 
0.03376687 0.03265267 0.2250271 0.05377556 0.1831422 0.03755752 
0.1017358 0.09610562 0.1006885 0.06565696 0.1553929 0.03551451 
0.06900297 0.06674427 0.06524143 0.07104813 0.1613882 0.03319255 
0.03327464 0.03288372 0.2649432 0.06031633 0.1730109 0.03454444 
0.03962263 0.03907739 0.2417397 0.03937122 0.1885265 0.03550014 
0.03350398 0.03242857 0.2512102 0.05386767 0.1684753 0.03484729 
0.09275114 0.09015816 0.0910406 0.04519311 0.1533983 0.03351243 
0.03741254 0.03587225 0.2525416 0.07309103 0.1660927 0.03757336 
0.03372172 0.03343553 0.246061 0.04729639 0.1790402 0.03547613 
0.03575207 0.03446959 0.2523317 0.03791728 0.1826651 0.0359319 
0.1045539 0.1024061 0.1036582 0.05388222 0.1644225 0.03514 
0.03633107 0.0357956 0.2507552 0.04188647 0.1698661 0.03013195 
0.04169589 0.03993207 0.2326442 0.06797033 0.1918484 0.03696553 
0.03274418 0.03216233 0.252554 0.03487324 0.1659187 0.0326169 
0.03807128 0.03688408 0.2089678 0.06800055 0.1798305 0.04195454 
0.03797241 0.03757556 0.2433185 0.04658193 0.1830812 0.03431868 
0.034599 0.03449634 0.2453715 0.07005443 0.1674969 0.03723925 
0.03564283 0.03457542 0.2540149 0.05550725 0.1703751 0.03674343 
0.03309537 0.03206862 0.2315209 0.04316321 0.1856004 0.03181822 
0.03680184 0.03582526 0.2531698 0.04539475 0.1749648 0.03295253 
0.03680282 0.03652281 0.2499089 0.05121033 0.163302 0.03555931 
0.03622208 0.03581651 0.2443128 0.04709857 0.1668203 0.03121527 
0.04035926 0.03963407 0.2427759 0.05153889 0.1825077 0.03594867 
0.03496932 0.03327814 0.2440203 0.05649704 0.1835814 0.03722315 
0.03467157 0.03396244 0.248773 0.04921561 0.1704168 0.0331765 
0.03288114 0.03246813 0.260891 0.05093622 0.1745242 0.03345763 
0.03557936 0.03392677 0.2517893 0.0581685 0.1681788 0.03475047 
0.03511814 0.03386061 0.2457053 0.06222453 0.1611349 0.03829686 
0.03545162 0.03419815 0.2669417 0.05867923 0.1597829 0.03790442 
0.03475337 0.03387254 0.2291115 0.05026627 0.1781995 0.03494243 
0.03591681 0.03537598 0.2547107 0.03948707 0.1634692 0.03552571 
0.03665883 0.03610877 0.2580079 0.04897095 0.1807957 0.03360513 
0.03333794 0.03289844 0.2450231 0.03723409 0.1762587 0.02709964 
0.033603 0.0331367 0.2294636 0.03965976 0.1855029 0.03329051 
0.03929166 0.03914492 0.2371699 0.04848786 0.1729997 0.03514324 
0.0384966 0.03678716 0.1931788 0.0402316 0.1705553 0.03460127 
0.0331763 0.03284988 0.2311436 0.04590056 0.1825364 0.030649 
0.02997473 0.02916769 0.2294375 0.0506609 0.1841338 0.03786346 
0.03480924 0.03444348 0.2551278 0.0509413 0.1755832 0.03237171 
0.03465098 0.03348803 0.2358502 0.04579823 0.175261 0.03363366 
0.03657002 0.03562213 0.2575941 0.05137212 0.1793858 0.03626337 
0.03783777 0.0368893 0.2555454 0.04184369 0.1707755 0.0331524 
0.03364589 0.03299605 0.2467997 0.04695886 0.158371 0.03394955 
0.03594862 0.03488135 0.2651614 0.05695004 0.1808227 0.04357047 
0.03588722 0.03494765 0.2454297 0.04377331 0.1762989 0.03782982 
0.03380149 0.03274522 0.2344451 0.05166174 0.1742265 0.03186113 
0.03271941 0.03281023 0.253856 0.05991868 0.1681162 0.03419603 
0.03959887 0.03855632 0.2557263 0.05231638 0.1702781 0.03403055 
0.03459957 0.03431407 0.2182881 0.04968096 0.1757009 0.03306392 
0.03798042 0.03633514 0.2363134 0.04173058 0.183922 0.03821215 
0.0373222 0.03603503 0.2532682 0.0498368 0.1712932 0.03571984 
0.03633257 0.03479637 0.2292348 0.06415751 0.1876835 0.03900716 
0.03591772 0.03474937 0.2384371 0.0499768 0.1704995 0.03528615 
0.03508857 0.0346165 0.2465159 0.0558981 0.1812064 0.03463596 
0.03623686 0.03519636 0.2585397 0.05730893 0.1728566 0.03993434 
0.0348311 0.03336983 0.1962607 0.03994236 0.195202 0.03270761 
0.03783489 0.03717594 0.2477034 0.04896042 0.1716793 0.03211999 
0.03439391 0.03429389 0.2112029 0.05086502 0.1805204 0.03073444 
0.03359478 0.03259126 0.2535911 0.05308446 0.161827 0.03534221 
0.03735581 0.03726321 0.2491639 0.04584202 0.163925 0.03495335 
0.03666402 0.03636383 0.258156 0.04089738 0.1740539 0.03244054 
0.03475551 0.03421862 0.2326848 0.03873876 0.1929131 0.03820055 
0.04023707 0.039793 0.2583226 0.03991739 0.1722537 0.03190055 
0.1186444 0.1143826 0.1174349 0.0644133 0.1736712 0.03512781 
0.03273561 0.03204218 0.2492282 0.06235126 0.1764647 0.03644475 
0.03949256 0.03826208 0.25999 0.06155174 0.1705001 0.03758461 
0.03585613 0.03469271 0.2365095 0.05241885 0.1539728 0.03552088 
0.04058617 0.03895118 0.1894402 0.04234229 0.1671785 0.03421146 
0.03626006 0.03580871 0.2544536 0.05172947 0.1789209 0.03862448 
0.03195569 0.03074952 0.2222908 0.04464623 0.1576679 0.04261188 
0.03494356 0.03460455 0.2439128 0.05867927 0.162105 0.02822123 
0.03640539 0.03646463 0.2239827 0.05365217 0.1781727 0.03451093 
0.1071609 0.09999715 0.1058296 0.04797583 0.1702228 0.03714933 
0.03582365 0.03476005 0.2322792 0.04091387 0.2184436 0.03683788 
0.03463273 0.03429905 0.2051751 0.04934263 0.1882552 0.03364169 
0.03520929 0.03458646 0.2409774 0.05637059 0.1857514 0.03114184 
0.03585984 0.03550098 0.245264 0.04805427 0.1668314 0.03704911 
0.03470746 0.03453418 0.2386569 0.06270288 0.1868586 0.03784566 
0.04705118 0.04603267 0.04457275 0.05616337 0.1685976 0.04681764 
0.03431087 0.03350977 0.2549178 0.04918605 0.1488534 0.03109593 
0.03531165 0.03424298 0.2622187 0.04361102 0.1716863 0.03523597 
0.03882089 0.03919486 0.210865 0.05572797 0.1872106 0.03496171 
0.04313418 0.04243523 0.2511932 0.05736709 0.177395 0.03867783 
0.03593126 0.0349593 0.2613699 0.05774967 0.160291 0.0338952 
0.03457061 0.03384448 0.2398557 0.06223103 0.1808093 0.04242521 
0.03317699 0.03180602 0.2021111 0.05371102 0.155636 0.03227234 
0.03220592 0.03161731 0.2593875 0.06859866 0.1614766 0.03631731 
0.03489855 0.03457661 0.2543615 0.04088342 0.1686394 0.03333918 
0.04075157 0.04099322 0.03245997 0.0449082 0.159902 0.03239504 
0.03573336 0.03514589 0.2447275 0.05788737 0.1837418 0.03337016 
0.03565479 0.03504294 0.259544 0.05222283 0.153903 0.03425894 
0.1068982 0.1037572 0.1050643 0.05582931 0.1542981 0.03622965 
0.03605781 0.03497125 0.2091717 0.04580297 0.1914128 0.03203971 
0.03443487 0.03394963 0.228293 0.04664938 0.1744119 0.03411703 
0.03528436 0.0345198 0.2511042 0.06493278 0.1791058 0.03455754 
0.03315765 0.03267186 0.2385713 0.04342897 0.1927868 0.03623348 
0.04354192 0.04282269 0.2642875 0.05947903 0.1797931 0.04102883 
0.03592125 0.03514987 0.2442969 0.05164716 0.1793337 0.03588698 
0.03633244 0.03438962 0.2323924 0.05468576 0.1555667 0.03634683 
0.0381316 0.03795727 0.2503113 0.06794873 0.1764872 0.0371339 
0.03578582 0.03491484 0.2155269 0.07151722 0.1975052 0.0321069 
0.03370909 0.03360795 0.2328891 0.07204051 0.1646981 0.03573087 
0.1138687 0.09928746 0.1118897 0.04586389 0.1569315 0.0308634 
0.03517379 0.03413212 0.2005449 0.06657752 0.1615764 0.03263473 
0.03828887 0.0368348 0.2621764 0.05737689 0.1707246 0.03909377 
0.03440929 0.03341424 0.1963436 0.05526087 0.1499954 0.03387849 
0.1082734 0.1039099 0.1067565 0.05768861 0.1928523 0.0379098 
0.03273886 0.0324103 0.2350933 0.04449496 0.1832388 0.03501714 
0.03284485 0.03145819 0.2278356 0.04926492 0.1827963 0.03366286 
0.0357244 0.03514632 0.2414246 0.06439134 0.1843274 0.03909743 
0.03600093 0.03594174 0.265515 0.06005938 0.1779215 0.0378786 
0.03518633 0.03470579 0.263006 0.06099532 0.1828302 0.03339245 
0.03912882 0.03778027 0.2094349 0.05691291 0.1939287 0.03810165 
0.03591572 0.03467447 0.2602715 0.05290747 0.1639308 0.03295535 
0.03747427 0.03605432 0.2343391 0.06800492 0.1834061 0.03432947 
0.03356859 0.0325606 0.2118582 0.04094282 0.1775388 0.03273957 
0.03568841 0.03526174 0.2609415 0.05468201 0.1643159 0.04051985 
0.03358619 0.03366158 0.2642925 0.04927698 0.1748933 0.03623876 
0.0324232 0.03191006 0.2576458 0.0440123 0.1789027 0.0337549 
0.03492656 0.03457736 0.2485295 0.05392569 0.1846997 0.03579243 
0.03803266 0.0370149 0.2615304 0.06773606 0.1657149 0.03634492 
0.03914156 0.03797751 0.2574779 0.03658416 0.1711539 0.03757364 
0.03765839 0.03579662 0.1992752 0.05277792 0.1675402 0.03360043 
0.03383274 0.03272296 0.217384 0.04311442 0.1731703 0.03036626 
0.03391086 0.03319452 0.2443447 0.05864117 0.1770301 0.03743592 
0.03745756 0.03658082 0.2383384 0.0496233 0.1817235 0.0336785 
0.03214769 0.03261866 0.2398392 0.04460082 0.1662292 0.03385315 
0.03386371 0.03348523 0.2569245 0.0609365 0.1592233 0.03921309 
0.08743663 0.0845831 0.08596679 0.05838188 0.1628771 0.03303687 
0.1160202 0.1128168 0.1155512 0.06529064 0.1751064 0.03950479 
0.03680974 0.03610129 0.2422612 0.05752028 0.1804593 0.03754822 
0.03622532 0.03509267 0.2400671 0.04822419 0.1860379 0.03794965 
0.1093112 0.106691 0.1084824 0.05826401 0.1635432 0.03423032 
0.03667768 0.03603754 0.2496133 0.04962019 0.1670916 0.03199525 
0.0363392 0.03601859 0.2461006 0.04223634 0.1854535 0.03476424 
0.03480215 0.03402529 0.1959138 0.05191284 0.1740843 0.03421591 
