0.05666789 0.04779173 
0.0735852 0.06825353 
0.05708547 0.05114828 
0.0631082 0.05792103 
0.07669608 0.07351898 
0.06604518 0.0610962 
0.06561342 0.05963535 
0.06573959 0.05997945 
0.05646636 0.04837531 
0.06605524 0.06162907 
0.06984682 0.0611972 
0.05067148 0.0467874 
0.07203063 0.06542822 
0.0570226 0.05061263 
0.06604022 0.0575211 
0.07688303 0.07003375 
0.07880474 0.0709607 
0.07964765 0.07281892 
0.07300789 0.06586592 
0.05925687 0.05271672 
0.07654535 0.06725073 
0.07364836 0.06670235 
0.06723423 0.06045146 
0.08092139 0.07264519 
0.06935352 0.06121335 
0.07882859 0.06883582 
0.07217595 0.06640889 
0.06765537 0.05992781 
0.06415423 0.05219132 
0.07055936 0.06298487 
0.05822229 0.05368667 
0.07309991 0.0645485 
0.06472182 0.05572364 
0.05819252 0.05505085 
0.0720821 0.06512715 
0.07598336 0.06451 
0.06652938 0.06102346 
0.07290096 0.06442678 
0.07063742 0.06625039 
0.06431906 0.05893814 
0.0492933 0.04542485 
0.05776306 0.04893958 
0.06166536 0.05323607 
0.07275231 0.06593573 
0.05472474 0.04933101 
0.06307834 0.05915282 
0.06389878 0.05602069 
0.06508733 0.06041633 
0.05813955 0.05331955 
0.0701453 0.0669251 
0.07784821 0.06937645 
0.06262079 0.05814582 
0.06412255 0.05657132 
0.06168707 0.05571779 
0.05590874 0.04980836 
0.06317063 0.05692074 
0.07551944 0.07277888 
0.05724537 0.05219958 
0.06675654 0.06190756 
0.09821802 0.09089169 
0.06355443 0.05985798 
0.06129046 0.05742199 
0.07449389 0.06711867 
0.05176702 0.04740256 
0.06489347 0.05903023 
0.05776887 0.05191132 
0.05538001 0.05077733 
0.06151335 0.05455478 
0.06287178 0.06009924 
0.05975283 0.05499793 
0.05873403 0.05185989 
0.07131831 0.06528397 
0.09610099 0.08692484 
0.06263335 0.05694737 
0.07220302 0.06647186 
0.06865696 0.06344478 
0.08002375 0.06946726 
0.06662918 0.06051162 
0.06922556 0.06356671 
0.05607419 0.05199791 
0.06332922 0.05664663 
0.06950428 0.06035114 
0.06690347 0.05874936 
0.06773322 0.06225742 
0.06866765 0.06302039 
0.05832175 0.05414331 
0.0749231 0.06972354 
0.07094747 0.06408707 
0.06201154 0.05607105 
0.08059204 0.07464616 
0.0704205 0.06495665 
0.07829586 0.06987737 
0.05285155 0.04982425 
0.059095 0.05491901 
0.06280133 0.05849223 
0.06315953 0.05698693 
0.05582898 0.05310096 
0.05915257 0.05255279 
0.07914705 0.07277077 
0.06434848 0.06055405 
