0.9836082 1.315275 18.33602 17.98982 32.81702 14.4364 
0.8456061 1.121738 18.00342 18.0194 36.09146 14.41122 
0.9460688 1.254369 18.09434 18.73346 49.93441 13.56898 
0.9592047 1.271918 18.11976 19.14731 47.02906 13.38646 
0.874732 1.165322 17.99519 18.82061 41.28761 13.82965 
0.8818634 1.164685 18.02729 18.95344 42.34864 14.22546 
0.9604299 1.262573 18.07231 18.77151 32.63461 14.58484 
0.9010634 1.182304 18.01011 19.22308 34.70963 14.52055 
0.9148366 1.21413 18.01502 18.67932 30.59164 15.2148 
0.9825644 1.312996 18.2522 20.18669 28.55499 13.77394 
0.9680598 1.279248 18.08379 19.20553 36.82676 14.71904 
0.9829967 1.301425 18.33242 18.86591 34.82143 15.23406 
0.757175 1.048853 17.83187 20.17417 37.19608 13.94829 
1.023141 1.350164 18.63756 18.84592 32.71507 15.38683 
0.8265853 1.103761 17.7294 18.98383 32.39576 15.34382 
0.7995503 1.074015 18.09092 19.21671 28.45824 15.18647 
0.9646266 1.271358 18.09936 19.79266 42.81449 14.45721 
0.9207003 1.221864 17.82329 19.49181 34.2073 14.94923 
0.8948123 1.179576 17.96027 18.76411 29.68255 15.75279 
0.9533997 1.268413 18.24587 18.93107 28.77869 15.60895 
0.8313127 1.112902 17.88488 20.71834 31.70416 13.84473 
0.9514432 1.242466 18.02509 19.06297 32.65555 15.47065 
0.9769511 1.287785 18.21972 19.75843 35.35472 14.76056 
0.8274674 1.109607 17.71542 19.15851 34.2053 15.46619 
0.9965267 1.324891 18.25596 20.57444 40.94334 13.91102 
0.9281554 1.218127 18.10276 18.98634 28.35604 15.73821 
0.8901713 1.191382 18.08486 18.98175 29.74772 15.73135 
0.8933513 1.179488 18.09194 19.61672 32.28565 15.10435 
0.9655938 1.274838 18.30477 19.99668 32.25182 14.7633 
0.9459255 1.244953 18.15712 18.65028 37.77831 16.06582 
0.8767927 1.16138 17.7994 20.85477 33.85114 13.94348 
0.9945767 1.312135 18.35289 20.03145 44.26223 14.6355 
0.9160852 1.213389 17.93456 19.21864 26.6897 15.80348 
0.9541955 1.320086 18.00834 18.51604 43.8339 16.22162 
0.943619 1.23698 18.01422 19.76049 32.39649 15.194 
0.9790473 1.288212 18.00116 20.01474 32.65435 14.97587 
0.9858155 1.290085 18.31781 20.1301 35.10288 14.875 
1.008228 1.329237 18.23921 20.27703 31.20429 14.84476 
0.9145095 1.211626 18.02773 20.95559 24.60672 14.29922 
0.8932371 1.196993 17.99773 19.73348 36.48941 15.36758 
0.9062026 1.217214 18.00424 20.19438 33.5726 14.99763 
0.9804385 1.291922 18.33336 20.30046 31.85158 14.93001 
0.8249643 1.111118 17.75877 20.37324 25.81615 15.06897 
0.8591349 1.129145 18.07228 19.3772 31.93876 15.95079 
0.9484098 1.243702 18.1855 20.06626 48.8178 15.01605 
0.9540973 1.236756 17.266 19.39578 32.73984 16.04111 
0.9740863 1.294042 18.39152 19.12383 39.30601 16.19921 
0.830447 1.107157 17.85627 19.67659 26.72552 15.87589 
0.9956899 1.315402 18.19986 19.80908 33.92971 15.62115 
0.8865426 1.175524 17.77456 19.62852 32.11629 15.86868 
0.9195025 1.204293 17.67426 19.87054 24.46265 15.79304 
0.906215 1.212713 17.97557 19.08357 36.01059 16.41528 
0.9515235 1.253297 18.06819 21.07759 37.01156 14.42679 
0.9668932 1.275319 18.13893 20.26562 29.65503 15.39131 
0.8240666 1.119648 17.92544 20.04091 25.39561 15.72274 
0.9758868 1.341256 17.6861 20.5049 39.32449 15.05016 
0.860832 1.145945 17.81367 19.61574 39.52352 15.97337 
0.7933915 1.073776 17.65277 19.79944 41.20946 15.79409 
0.8876269 1.177064 18.10393 19.33629 54.03224 16.0739 
0.9290564 1.224036 18.03585 19.2446 33.44071 16.57839 
0.9132252 1.211478 18.00808 20.36512 47.26817 15.23001 
0.8649342 1.157025 17.91881 21.37774 40.50303 14.49965 
0.8749979 1.16466 17.89578 21.08925 41.69605 14.7624 
0.9006011 1.209173 17.70334 20.18859 25.78856 15.94643 
0.8657193 1.150366 17.63764 20.06253 27.54681 16.17272 
0.8800981 1.16536 17.84934 19.34081 34.45495 16.79561 
0.8436105 1.129228 17.82744 20.21621 38.47818 15.93601 
0.8461893 1.130256 17.64952 20.56846 35.01044 15.63294 
0.8801079 1.165744 17.83391 21.65018 32.90014 14.66539 
0.9135232 1.217853 17.97263 20.18362 53.62423 15.91933 
0.8105402 1.11202 17.53668 20.5518 36.60993 15.90321 
0.9313381 1.234487 18.01989 20.73553 37.01522 15.74234 
0.8414338 1.124735 17.81546 20.65039 34.25919 15.94467 
0.886507 1.173981 17.96821 21.03257 36.64803 15.52789 
0.7920423 1.077799 17.41351 21.43056 36.33083 15.20259 
0.8937771 1.195603 17.96916 21.72764 36.77888 15.03095 
0.9041924 1.203247 17.88368 20.0834 46.33869 16.5748 
0.8451293 1.132001 17.71336 20.67682 43.92763 16.36813 
0.8672652 1.152714 17.84834 20.99224 31.34077 16.7003 
0.6120679 0.9289157 17.64474 10.08227 14.39223 5.806301 
0.489063 0.7492058 13.13155 8.973627 17.38412 5.326963 
0.2805347 0.4407508 8.822575 8.521337 17.13119 5.667674 
0.4866118 0.7644148 10.69951 8.888903 17.94566 5.762286 
0.4590347 0.719552 11.03226 9.057901 13.99435 5.749252 
0.4863806 0.7586837 13.41533 9.214011 20.34882 5.758579 
0.5074434 0.7725127 9.905984 8.716127 19.82416 5.958036 
0.2628288 0.4137416 8.294223 8.744624 19.98012 5.485312 
0.6427948 0.9744825 18.68617 9.645161 18.02984 5.591032 
0.301708 0.4693379 9.391859 9.058663 21.63326 5.765692 
0.5015876 0.7594967 10.95748 9.104935 12.56257 6.403804 
0.27548 0.430388 9.63825 8.593383 15.92172 6.375588 
0.5433867 0.6961346 11.02534 8.792254 13.75959 6.13732 
0.5082965 0.7813439 10.63659 9.089705 16.0404 5.690899 
0.6132369 0.9378343 18.491 9.78367 15.51997 6.462222 
0.6302373 0.9662714 18.8095 9.971355 17.8722 6.5863 
0.3254402 0.5125101 10.724 9.142085 20.63902 6.085567 
0.2476263 0.3920989 8.064601 9.196108 15.67432 5.378086 
0.2753789 0.4278615 8.608662 9.412014 13.12013 5.560197 
0.4782155 0.7515929 11.88177 9.760376 13.87155 5.724704 
0.2679181 0.4229941 8.410745 9.15493 15.58971 5.938699 
