0.07244554 0.07244554 
0.07057523 0.07057523 
0.07881165 0.07881165 
0.07442342 0.07442342 
0.06184265 0.06184265 
0.07459797 0.07459797 
0.0725517 0.0725517 
0.07236027 0.07236027 
0.08848411 0.08848411 
0.06753159 0.06753159 
0.07418205 0.07418205 
0.07065398 0.07065398 
0.07620598 0.07620598 
0.0792593 0.0792593 
0.07492955 0.07492955 
0.07306903 0.07306903 
0.07551244 0.07551244 
0.06198352 0.06198352 
0.07756653 0.07756653 
0.07857023 0.07857023 
0.3785602 0.3785602 
0.06408393 0.06408393 
0.09184737 0.09184737 
0.07279571 0.07279571 
0.08863385 0.08863385 
0.07495502 0.07495502 
0.06791057 0.06791057 
0.06900978 0.06900978 
0.0745385 0.0745385 
0.06937068 0.06937068 
0.4707743 0.4707743 
0.08035688 0.08035688 
0.06865472 0.06865472 
0.07004767 0.07004767 
0.07318663 0.07318663 
0.08161783 0.08161783 
0.07188051 0.07188051 
0.06952881 0.06952881 
0.07088618 0.07088618 
0.0711358 0.0711358 
0.06681294 0.06681294 
0.07249102 0.07249102 
0.08419052 0.08419052 
0.06434411 0.06434411 
0.07632291 0.07632291 
0.07334003 0.07334003 
0.0722643 0.0722643 
0.08209373 0.08209373 
0.06053409 0.06053409 
0.07722546 0.07722546 
0.09249059 0.09249059 
0.06682467 0.06682467 
0.08053548 0.08053548 
0.06819564 0.06819564 
0.06990949 0.06990949 
0.3992353 0.3992353 
0.06456916 0.06456916 
0.07607861 0.07607861 
0.09024656 0.09024656 
0.0942402 0.0942402 
0.08258992 0.08258992 
0.07107725 0.07107725 
0.06972934 0.06972934 
0.07117243 0.07117243 
0.07490144 0.07490144 
0.07261526 0.07261526 
0.07289656 0.07289656 
0.07698013 0.07698013 
0.06924316 0.06924316 
0.07807578 0.07807578 
0.08342211 0.08342211 
0.07798685 0.07798685 
0.07902751 0.07902751 
0.08196672 0.08196672 
0.07022149 0.07022149 
0.0500147 0.0500147 
0.07710908 0.07710908 
0.05165445 0.05165445 
0.4144015 0.4144015 
0.07482458 0.07482458 
0.08977641 0.08977641 
0.06086934 0.06086934 
0.07429581 0.07429581 
0.08337631 0.08337631 
0.0710265 0.0710265 
0.06955638 0.06955638 
0.05877829 0.05877829 
0.353838 0.353838 
0.07784676 0.07784676 
0.08278432 0.08278432 
0.07401895 0.07401895 
0.06803168 0.06803168 
0.06776365 0.06776365 
0.07359181 0.07359181 
0.0567275 0.0567275 
0.05619278 0.05619278 
0.06583352 0.06583352 
0.06396526 0.06396526 
0.07975719 0.07975719 
0.07645716 0.07645716 
