1.898349 2.280836 
1.718559 2.067057 
2.006651 2.44417 
1.979027 2.458461 
2.148571 2.620425 
2.140565 2.719074 
2.099253 2.644995 
1.9159 2.455233 
2.329639 2.834354 
2.110444 2.65915 
2.103767 2.68252 
0.7631168 1.156689 
1.056493 1.49356 
1.090322 1.685624 
0.9284661 1.512185 
0.8562722 1.486057 
1.254838 1.817852 
1.24983 1.820406 
1.282186 2.377876 
1.238629 2.133993 
1.262707 1.822782 
1.245641 1.827806 
1.274209 2.387568 
0.6293206 0.8593698 
0.8264546 1.231845 
0.9261508 1.202403 
0.516732 0.7484131 
0.969305 1.401691 
1.058825 1.468993 
1.117043 1.403828 
1.128135 1.592654 
1.081816 1.519072 
1.117526 1.650147 
1.108413 1.648217 
1.118154 2.183532 
0.9490509 1.19914 
0.9230902 1.170946 
0.7947478 1.017626 
0.9467275 1.163253 
0.8630235 1.271052 
0.9454982 1.182867 
1.81493 2.410455 
1.811523 2.386693 
1.265368 1.842936 
1.763841 2.208022 
0.8439231 1.063479 
0.870883 1.237122 
1.786014 2.359014 
1.222988 1.692358 
1.253579 2.349964 
1.244029 1.809321 
0.7534509 1.075468 
0.8288248 1.194796 
0.4556444 0.6797655 
0.8083999 1.160719 
1.101003 1.504124 
0.4571731 0.6647785 
1.028131 1.465023 
1.049353 1.481503 
1.060848 1.564284 
1.157112 1.678845 
1.095587 1.581649 
1.691833 2.129673 
1.045122 1.515029 
0.5910189 0.8595011 
0.4811239 0.7124398 
0.863029 1.215739 
1.206708 1.488904 
0.4892068 0.7182686 
0.5146329 0.737396 
0.9118845 1.262926 
0.936625 1.636501 
0.810828 1.143771 
0.9548624 1.330501 
0.7087958 1.031313 
0.8129988 1.25303 
0.7908857 1.195597 
0.676121 1.019121 
0.7742338 1.142566 
0.5530825 0.7758143 
0.74827 1.036926 
1.313903 1.655358 
1.060869 1.49388 
1.076942 1.551318 
1.094612 1.576574 
0.9072411 1.253071 
1.16569 1.587595 
1.107733 1.605968 
0.8833101 1.274837 
0.8461258 1.194932 
0.7326806 1.116721 
0.8118913 1.15958 
0.9259679 1.32919 
0.8000734 1.239364 
0.5382998 0.8116803 
0.9459291 1.216854 
1.078139 1.525191 
1.090683 1.575113 
1.159859 1.732829 
1.138112 1.711128 
