0.07357189 0.07357189 
0.07105035 0.07105035 
0.08559392 0.08559392 
0.08657492 0.08657492 
0.08066684 0.08066684 
0.07847377 0.07847377 
0.05712868 0.05712868 
0.08229667 0.08229667 
0.08173323 0.08173323 
0.09214932 0.09214932 
0.08817621 0.08817621 
0.07661607 0.07661607 
0.07634329 0.07634329 
0.07921363 0.07921363 
0.07492155 0.07492155 
0.08169654 0.08169654 
0.07397185 0.07397185 
0.06926506 0.06926506 
0.07890721 0.07890721 
0.08104568 0.08104568 
0.08051191 0.08051191 
0.08422112 0.08422112 
0.07556534 0.07556534 
0.07328226 0.07328226 
0.08656126 0.08656126 
0.08057393 0.08057393 
0.08138017 0.08138017 
0.07917591 0.07917591 
0.07490515 0.07490515 
0.08280574 0.08280574 
0.3442644 0.3442644 
0.08212316 0.08212316 
0.07377304 0.07377304 
0.0869406 0.0869406 
0.07839397 0.07839397 
0.08182309 0.08182309 
0.05448911 0.05448911 
0.07880294 0.07880294 
0.0767647 0.0767647 
0.07270889 0.07270889 
0.08848912 0.08848912 
0.07309496 0.07309496 
0.08571134 0.08571134 
0.08702487 0.08702487 
0.07630161 0.07630161 
0.1323079 0.1323079 
0.07190841 0.07190841 
0.07959211 0.07959211 
0.08275079 0.08275079 
0.08331328 0.08331328 
0.06943685 0.06943685 
0.0688852 0.0688852 
0.08256195 0.08256195 
0.07688578 0.07688578 
0.07999328 0.07999328 
0.06981227 0.06981227 
0.08057412 0.08057412 
0.07830775 0.07830775 
0.0827247 0.0827247 
0.3777903 0.3777903 
0.08315419 0.08315419 
0.07629014 0.07629014 
0.08075395 0.08075395 
0.09076584 0.09076584 
0.07384408 0.07384408 
0.05171365 0.05171365 
0.07859816 0.07859816 
0.07274317 0.07274317 
0.08447561 0.08447561 
0.07379697 0.07379697 
0.08164306 0.08164306 
0.07827743 0.07827743 
0.07372794 0.07372794 
0.07444178 0.07444178 
0.07889492 0.07889492 
0.07799268 0.07799268 
0.07664322 0.07664322 
0.07962978 0.07962978 
0.0695476 0.0695476 
0.08677534 0.08677534 
0.07004682 0.07004682 
0.05869755 0.05869755 
0.08385982 0.08385982 
0.07183058 0.07183058 
0.08548776 0.08548776 
0.07367915 0.07367915 
0.09208704 0.09208704 
0.07877204 0.07877204 
0.07140249 0.07140249 
0.08918957 0.08918957 
0.08156948 0.08156948 
0.08024735 0.08024735 
0.06745683 0.06745683 
0.07364883 0.07364883 
0.07685149 0.07685149 
0.08516243 0.08516243 
0.07014818 0.07014818 
0.08528531 0.08528531 
0.08233349 0.08233349 
0.08395796 0.08395796 
