0.07661831 0.07661831 
0.09949564 0.09949564 
0.08816737 0.08816737 
0.06714839 0.06714839 
0.0778803 0.0778803 
0.08208185 0.08208185 
0.0829181 0.0829181 
0.3601687 0.3601687 
0.06493882 0.06493882 
0.09463188 0.09463188 
0.09366499 0.09366499 
0.05815092 0.05815092 
0.09215323 0.09215323 
0.08228811 0.08228811 
0.3016455 0.3016455 
0.2472387 0.2472387 
0.08513782 0.08513782 
0.08480669 0.08480669 
0.05903015 0.05903015 
0.08069768 0.08069768 
0.09097223 0.09097223 
0.08449436 0.08449436 
0.07941186 0.07941186 
0.08419275 0.08419275 
0.3728666 0.3728666 
0.08371648 0.08371648 
0.0818708 0.0818708 
0.08533294 0.08533294 
0.05561761 0.05561761 
0.05471617 0.05471617 
0.08911502 0.08911502 
0.07762762 0.07762762 
0.09165441 0.09165441 
0.08527615 0.08527615 
0.0866627 0.0866627 
0.07557384 0.07557384 
0.08657903 0.08657903 
0.08631354 0.08631354 
0.06041148 0.06041148 
0.09226191 0.09226191 
0.08477059 0.08477059 
0.0683496 0.0683496 
0.0829978 0.0829978 
0.08840607 0.08840607 
0.09238053 0.09238053 
0.2760321 0.2760321 
0.1027069 0.1027069 
0.09624261 0.09624261 
0.07979821 0.07979821 
0.08945092 0.08945092 
0.0924343 0.0924343 
0.07244248 0.07244248 
0.0807738 0.0807738 
0.07128295 0.07128295 
0.08041419 0.08041419 
0.07562514 0.07562514 
0.07159561 0.07159561 
0.07411136 0.07411136 
0.07246306 0.07246306 
0.0821015 0.0821015 
0.07855869 0.07855869 
0.08179353 0.08179353 
0.06895645 0.06895645 
0.08550851 0.08550851 
0.08755529 0.08755529 
0.08988358 0.08988358 
0.05474636 0.05474636 
0.08464751 0.08464751 
0.08891638 0.08891638 
0.08498975 0.08498975 
0.09155515 0.09155515 
0.07857044 0.07857044 
0.06980501 0.06980501 
0.08494949 0.08494949 
0.07405562 0.07405562 
0.08508446 0.08508446 
0.07708663 0.07708663 
0.07866017 0.07866017 
0.08304689 0.08304689 
0.09253365 0.09253365 
0.09067 0.09067 
0.08464996 0.08464996 
0.082355 0.082355 
0.08435546 0.08435546 
0.07965527 0.07965527 
0.09944527 0.09944527 
0.07417472 0.07417472 
0.07219008 0.07219008 
0.08174899 0.08174899 
0.08346953 0.08346953 
0.08423885 0.08423885 
0.08733565 0.08733565 
0.07925696 0.07925696 
0.4321181 0.4321181 
0.08371372 0.08371372 
0.09114604 0.09114604 
0.08727813 0.08727813 
0.07529254 0.07529254 
0.08102531 0.08102531 
0.09039251 0.09039251 
