0.7695088 0.9597785 
0.7486105 1.026788 
0.7664554 1.04435 
0.7758322 1.052804 
0.7864921 0.9610736 
0.8054097 1.031206 
0.8697302 1.140071 
0.8881733 1.167686 
0.838901 1.039341 
0.8449411 1.09191 
0.7745004 1.042333 
0.6608937 0.8413587 
0.8257036 1.069902 
0.8562367 1.10918 
0.7351344 0.9855921 
0.7522659 0.9545395 
0.8631065 1.12933 
0.8127594 1.062104 
0.7972083 0.9754205 
0.890306 1.16207 
0.8858638 1.160754 
0.8267827 1.050838 
0.9252896 1.191457 
0.9004314 1.155605 
0.8508105 1.114999 
0.9067571 1.15281 
0.9513369 1.248831 
0.8850574 1.18784 
0.6624246 1.238051 
0.9514477 1.251139 
0.8285816 1.103507 
0.8418255 1.111857 
0.8279016 1.082102 
0.8559837 1.152169 
0.4567983 0.6350436 
0.7140605 0.9639611 
0.7593348 1.016842 
0.7585635 1.023972 
0.7881823 0.9958653 
0.788749 1.075442 
0.7623744 0.9298408 
0.5522971 0.7500844 
0.7663102 1.026206 
0.7125754 0.8670685 
0.8316944 1.052869 
0.507982 0.8390257 
0.4954083 0.7709286 
0.5371242 1.063274 
0.6192124 0.7750981 
0.7608671 0.911088 
0.7890277 1.016702 
0.5817275 0.8396409 
0.2865677 0.5868788 
0.7859199 1.034409 
0.3791676 0.7054267 
0.6906605 0.9841516 
0.6828852 0.9848278 
0.6698525 0.957649 
0.7611084 1.046795 
0.6870849 0.9760132 
0.6005785 0.8933375 
0.5959525 0.8772287 
0.5939376 0.8684928 
0.3495264 0.5233867 
0.3204892 0.5892355 
0.3190279 0.4904487 
0.5628972 0.8641791 
0.5110159 0.6920619 
0.5270629 0.7955637 
0.5382607 0.6917207 
0.4958594 0.7657409 
0.4482441 0.6099122 
0.4838655 0.6475472 
0.3810904 0.5335565 
0.4923575 0.7529891 
0.4970665 0.6692028 
0.3371816 0.5844543 
0.5028014 0.7505801 
0.4116623 0.6550829 
0.464565 0.6069744 
0.438761 0.5975266 
0.2756262 0.4359818 
0.2708542 0.4288397 
0.4505138 0.5954769 
0.4348311 0.5994153 
0.269057 0.4372423 
0.4178121 0.5673857 
0.4259312 0.5907121 
0.691746 0.88991 
0.4328012 0.5938811 
0.4454091 0.6006331 
0.27965 0.4311876 
0.654304 0.8001211 
0.3678291 0.4748726 
0.2515328 0.3885946 
0.3447237 0.4551067 
0.3908124 0.5145855 
0.4697607 0.5840633 
0.3397555 0.4438283 
0.3412957 0.4496033 
