0.03810212 0.03708194 
0.03609784 0.03568566 
0.03650261 0.03578568 
0.04017571 0.03849565 
0.04387084 0.04334193 
0.03523181 0.03399804 
0.04519692 0.04457382 
0.05063743 0.04694005 
0.04185486 0.04307622 
0.03632544 0.03494958 
0.0405379 0.03955937 
0.04020903 0.03770742 
0.04112197 0.04042826 
0.03846308 0.03787555 
0.04269439 0.04164369 
0.03396955 0.0337415 
0.04218134 0.0412679 
0.0359117 0.03552564 
0.04167647 0.04131957 
0.04196918 0.04294533 
0.03771276 0.03716047 
0.04628209 0.04594894 
0.03308231 0.03167477 
0.04244997 0.04185738 
0.0436981 0.04370975 
0.0369846 0.0357091 
0.03609611 0.03451685 
0.04077553 0.03943215 
0.03804735 0.0375527 
0.04788881 0.04748287 
0.03802355 0.03716861 
0.03277622 0.03324508 
0.03793578 0.03725397 
0.03699333 0.03663426 
0.03565313 0.03570668 
0.04547969 0.04511186 
0.03856654 0.03938953 
0.04083487 0.03746905 
0.03705131 0.03544935 
0.03684714 0.03641821 
0.03976758 0.03912797 
0.03411202 0.03199734 
0.04227292 0.04267335 
0.04338688 0.0414411 
0.03861102 0.03840627 
0.04038001 0.040437 
0.03934115 0.03875381 
0.03948116 0.03897145 
0.03525881 0.03446939 
0.03970687 0.03834199 
0.04227932 0.04224366 
0.03830467 0.03726983 
0.0413328 0.04097257 
0.04487637 0.04365204 
0.04614259 0.04564997 
0.0463828 0.0453432 
0.03807752 0.03711121 
0.03946287 0.03780863 
0.0380354 0.03702276 
0.0336833 0.03351416 
0.03860966 0.03703019 
0.03150526 0.03158929 
0.03632347 0.03610351 
0.03886573 0.03965079 
0.03125952 0.03183752 
0.04012849 0.03925564 
0.04422025 0.04337056 
0.04309564 0.0421291 
0.03314719 0.03204052 
0.04593143 0.0438489 
0.0376109 0.03325314 
0.03448755 0.03469424 
0.03898472 0.03895203 
0.04561474 0.04501988 
0.04000062 0.0393868 
0.03948422 0.04000558 
0.03527161 0.03676246 
0.03860869 0.03762338 
0.03561752 0.03505906 
0.04075915 0.0389132 
0.04422351 0.04369399 
0.03503828 0.03469149 
0.03546047 0.03269697 
0.03942239 0.03949376 
0.03695721 0.03731566 
0.04329088 0.04291957 
0.03428654 0.03301697 
0.03314553 0.03315115 
0.03890847 0.03714901 
0.03601102 0.03611793 
0.03562119 0.03506704 
0.03786109 0.03648184 
0.04012653 0.03927298 
0.04048208 0.03924425 
0.04142605 0.04002305 
0.0482149 0.04819794 
0.042357 0.04092451 
0.03186121 0.03145843 
0.04463822 0.04307592 
0.05250792 0.04964349 
