0.8046601 1.105705 
0.8365185 1.143459 
0.9074728 1.170472 
0.9904478 1.146813 
0.9404893 1.240817 
1.002717 1.318631 
1.025466 1.326209 
0.8375123 1.120651 
0.8968272 1.098025 
1.004934 1.29591 
0.914768 1.103835 
0.8845508 1.171843 
0.8396816 1.085264 
0.9245541 1.141434 
1.027242 1.299314 
1.009604 1.298683 
1.016862 1.288097 
0.9537971 1.27771 
1.030748 1.325833 
0.666234 1.028315 
0.7122974 1.011304 
0.5999997 0.8593307 
0.561168 0.8466153 
0.5850785 0.7856262 
0.7233 1.060105 
0.6842353 1.020542 
0.9486673 1.262762 
0.6584771 0.9490964 
0.5253229 0.8153849 
0.6804042 1.005566 
0.6446793 0.9007812 
0.430593 0.660141 
0.5212164 1.024491 
0.518465 0.7057464 
0.6406751 0.9366043 
0.5690029 0.766289 
0.6055267 0.8950493 
0.3463147 0.5273557 
0.5825269 0.9055643 
0.3563898 0.6285799 
0.7521482 0.9782233 
0.6727643 0.9939134 
0.7664206 1.129611 
0.6419213 0.9488616 
0.7165198 1.031735 
0.6449718 0.9550209 
0.6426306 0.9538808 
0.7376838 1.105814 
0.5456085 0.7633898 
0.5653338 0.8903716 
0.6246905 0.9408708 
0.5489919 0.8873003 
0.5584459 0.8145301 
0.4288521 0.7201996 
0.4800375 0.6757939 
0.442313 0.7939858 
0.3810585 0.6398969 
0.5909257 0.9075525 
0.5528073 0.867662 
0.549226 0.8284023 
0.6899269 1.019722 
0.6919665 1.038646 
0.4821751 0.8201556 
0.7725821 0.9758251 
0.7235911 1.063058 
0.5890174 0.8924854 
0.6550574 0.9912114 
0.7817001 1.117147 
0.6771674 1.281527 
0.5753739 0.9041531 
0.5902059 0.90839 
0.5272572 0.7409387 
0.6396365 1.098979 
0.4934649 0.8493176 
0.5758998 0.8925316 
0.4871984 0.8381047 
0.7280676 1.084469 
0.6958878 1.169071 
0.7607694 1.125026 
0.6154952 0.8440859 
0.6320739 0.9448926 
0.6956937 0.9951663 
0.3112254 0.499408 
0.9977236 1.375529 
0.6995692 0.9687002 
0.2513885 0.3865254 
0.3463359 0.5163667 
0.7300074 1.080567 
0.2938251 0.4351931 
0.7412281 1.088751 
0.2954996 0.4285238 
0.9709547 1.291837 
0.4590528 0.6208084 
0.3635073 0.6794684 
0.3099647 0.5855412 
0.612752 0.8238034 
0.2814639 0.4234793 
0.2337477 0.3573287 
0.3475802 0.6335332 
0.2755039 0.4140861 
