0.8104057 0.9812629 
0.7990148 1.02511 
0.8103135 0.9765108 
0.719734 0.9863012 
0.8272734 1.021417 
0.8470712 1.09852 
0.7617309 0.9139647 
0.8266144 1.019486 
0.7912304 0.9745054 
0.7963388 0.9738166 
0.7652836 1.017656 
0.8121982 1.042428 
0.8404288 1.050445 
0.6164386 1.132712 
0.3444464 0.6378367 
0.6039407 0.8638825 
0.5851398 0.8453016 
0.5269411 0.6945117 
0.5917161 0.8567214 
0.4870226 0.7432013 
0.3360543 0.6125855 
0.5329697 0.7556615 
0.3215787 0.5205967 
0.3562276 0.9083643 
0.3257561 0.5138621 
0.5193264 0.775856 
0.5397189 0.8357005 
0.6276219 0.9080489 
0.3563573 0.5359478 
0.6464179 0.9419358 
0.5684774 0.8548994 
0.4498832 0.7353086 
0.5465825 0.7264655 
0.3660369 0.6297026 
0.3271146 0.6001627 
0.5493276 0.8028028 
0.4625795 0.7319691 
0.5834424 0.7893569 
0.3485765 0.6234689 
0.8561773 1.146724 
0.5873253 0.8762608 
0.3561037 0.6593778 
0.5925908 0.8834982 
0.5729899 0.8767169 
0.3453605 0.5339267 
0.3404777 0.627378 
0.4564786 0.6402102 
0.56777 0.8629115 
0.5264289 0.8021886 
0.5897794 0.8731968 
0.5714028 0.8350592 
0.330621 0.5169599 
0.6044869 0.9069252 
0.6973834 1.000997 
0.3537195 0.5633729 
0.6084361 0.8700528 
0.640146 0.9497464 
0.5941656 0.9155653 
0.4540009 0.7624345 
0.5848086 0.9149001 
0.5311265 0.8189561 
0.5979166 0.8793242 
0.6275268 0.9330361 
0.8770528 1.174326 
0.559696 0.872668 
0.4197054 0.9324884 
0.3615174 0.6695645 
0.6118398 0.9100325 
0.5983584 1.181112 
0.5800281 0.7722929 
0.5925946 0.8691015 
0.4007981 0.7471564 
0.5978365 0.8944869 
0.534605 0.8324773 
0.5610397 0.8530679 
0.5538809 0.7494683 
0.5995901 1.071451 
0.4305089 0.9118965 
0.6837716 0.9757097 
0.3210156 0.6324828 
0.369319 0.572489 
0.5376711 0.8163042 
0.3373556 0.6200223 
0.329983 0.5121403 
0.3248472 0.5156269 
0.4497781 0.6103022 
0.4782681 0.659513 
0.3910711 0.6739652 
0.3999875 0.5536857 
0.3064754 0.4600062 
0.3845165 0.5651374 
0.3181641 0.4634595 
0.238013 0.3611133 
0.2227733 0.3628428 
0.2460129 0.3840852 
0.2493498 0.3748548 
0.2467177 0.3945949 
0.2455242 0.3874478 
0.2405455 0.3629274 
0.1975532 0.3051937 
