0.03970248 0.03875799 
0.03555481 0.03505172 
0.04022068 0.0410771 
0.03871646 0.03714309 
0.04442584 0.04354263 
0.04192717 0.04195161 
0.04188129 0.03787113 
0.03406103 0.03098744 
0.03915595 0.03756467 
0.04278139 0.04193595 
0.04716821 0.04234243 
0.02957128 0.0299799 
0.04070765 0.04007528 
0.0418329 0.04134944 
0.03975411 0.03915913 
0.03277954 0.0317447 
0.03953614 0.04024496 
0.05402399 0.05263033 
0.03717482 0.03815799 
0.0443661 0.04271975 
0.03620528 0.03555594 
0.03832602 0.03695224 
0.04544752 0.0436377 
0.02880062 0.02791877 
0.04026292 0.03916456 
0.03919302 0.03857226 
0.03428191 0.03485337 
0.0361238 0.03575164 
0.04088769 0.03965386 
0.03501694 0.03460421 
0.03686289 0.03657846 
0.04439857 0.04066753 
0.04420333 0.04276595 
0.03637924 0.03470537 
0.03858373 0.03907161 
0.03097727 0.03033193 
0.04512416 0.04490925 
0.03726695 0.03634299 
0.03693099 0.03626886 
0.04907512 0.04842044 
0.03545809 0.03416342 
0.03922778 0.03883914 
0.0329521 0.03142156 
0.0333964 0.03227584 
0.05670769 0.05543774 
0.03892776 0.03664072 
0.04431733 0.04372121 
0.05942149 0.05890401 
0.04007024 0.03851506 
0.04038881 0.03988635 
0.0372578 0.03665469 
0.03607971 0.03623524 
0.03177983 0.03153647 
0.03886933 0.03748343 
0.03434245 0.03371078 
0.04444107 0.04413305 
0.04196719 0.0405069 
0.0480395 0.0484321 
0.04394345 0.04322048 
0.04205415 0.04129426 
0.03566223 0.03595751 
0.04158527 0.0403836 
0.04025854 0.04238745 
0.04019284 0.03916757 
0.04673317 0.04599248 
0.03984563 0.0380432 
0.04133275 0.03709915 
0.03744406 0.0352679 
0.03674111 0.03627665 
0.03985734 0.03894884 
0.03155486 0.03145778 
0.04410409 0.0432371 
0.03701746 0.03613158 
0.04323792 0.04296371 
0.04032856 0.04054757 
0.03878623 0.03700322 
0.03877299 0.0369207 
0.04059539 0.03860945 
0.03533306 0.03555509 
0.03187043 0.03138459 
0.04103967 0.03823102 
0.03863482 0.03760237 
0.05469882 0.05425938 
0.04034738 0.03900155 
0.0420742 0.04094391 
0.03922941 0.03883842 
0.04352456 0.04124693 
0.04575336 0.04524272 
0.03976657 0.03732804 
0.03038501 0.03013804 
0.03171434 0.03143157 
0.05143332 0.05006886 
0.03706338 0.0357521 
0.04598174 0.04363765 
0.03891957 0.03797238 
0.03341316 0.03331045 
0.03504709 0.03573472 
0.04354442 0.04224018 
0.0377948 0.0359441 
0.03599448 0.03527606 
