0.255708 0.361722 6.281726 6.632884 9.075186 6.198238 
0.863447 1.166304 17.87844 15.49337 34.66604 15.67973 
0.870868 1.174315 17.99574 16.50163 26.32652 15.41151 
0.8547342 1.165442 17.81705 15.58898 30.27251 16.39048 
0.8500564 1.159044 17.90463 15.80605 26.12774 16.31656 
0.8803036 1.184957 18.08312 15.89493 48.14522 16.2488 
0.8116927 1.097549 17.76267 16.23771 30.43214 16.32811 
0.7859769 1.073854 17.01818 16.95136 30.92975 15.63206 
0.8516588 1.151379 17.6473 16.17681 26.69107 16.6195 
0.6358764 0.8790772 16.44028 16.97009 27.25043 16.16107 
0.8545215 1.148689 17.44445 16.82463 26.77202 16.43305 
0.8631892 1.173134 17.94772 16.45921 42.41526 16.76263 
0.8904533 1.194369 17.97567 16.01391 28.14615 17.47629 
0.7730594 1.060079 17.54669 16.04747 26.69604 17.53737 
0.8429067 1.13253 17.96332 16.8631 33.71132 16.64426 
0.8695979 1.183867 17.83359 15.90888 24.7585 17.82843 
0.8312652 1.120053 17.97115 16.9249 21.02143 16.91089 
0.8719692 1.183565 18.1539 17.18869 31.05289 16.70633 
0.8867805 1.202354 18.2425 16.52838 25.68416 17.47408 
0.8526702 1.15811 18.22437 17.54166 28.01717 16.44155 
0.8938944 1.181981 18.26243 17.23147 27.77895 16.85396 
0.8762069 1.154455 18.3777 17.2378 28.76369 16.88187 
0.8041966 1.102056 17.77439 15.99859 27.36514 18.24961 
0.7636182 1.051059 17.93269 16.94712 29.2376 17.32175 
0.8759902 1.18499 18.2472 17.12926 26.39866 17.29348 
0.7932525 1.085754 17.90792 16.22571 27.67631 18.21432 
0.8920088 1.192413 18.22987 17.12044 34.97562 17.26738 
0.8802149 1.189175 17.74945 16.52936 29.11916 18.07789 
0.9011407 1.204292 18.44922 17.25778 48.43385 17.10637 
0.8612657 1.169868 18.06332 16.86362 29.66779 17.85963 
0.8405573 1.147021 18.12891 16.85632 32.82523 17.89865 
0.8184104 1.107083 17.76183 17.00992 36.63423 17.69356 
0.8417263 1.123833 18.1003 17.77173 33.81933 17.02394 
0.7985537 1.085942 17.68 17.96832 27.04116 17.03821 
0.8586485 1.142328 18.20722 16.88623 35.05804 18.07066 
0.8855002 1.178295 18.15431 18.60715 30.82068 16.43568 
0.8511195 1.152717 16.84625 18.39361 26.4625 16.80683 
0.8593421 1.178913 18.29304 16.86332 37.69647 18.15924 
0.8634992 1.136655 18.25138 17.70315 53.26132 17.09316 
1.014013 1.3212 17.33509 17.51107 26.92254 17.78367 
0.8268738 1.10882 17.81131 17.62302 25.98876 17.73955 
0.8929672 1.190662 18.28383 16.84616 32.88129 18.39842 
0.845458 1.143711 17.9217 16.16419 27.76691 19.21934 
0.9115939 1.210078 18.34116 17.44307 27.44245 17.94441 
0.8655026 1.175957 18.15186 17.54996 26.7951 17.85976 
0.66413 0.9622633 15.41181 17.26313 27.8251 18.23619 
0.8744292 1.175397 18.25468 16.21496 32.26838 19.18895 
0.8472102 1.127139 18.12406 17.31574 31.57292 18.10374 
0.8604832 1.172498 18.15246 16.07566 29.8724 19.46124 
0.8577421 1.146195 18.18774 17.01978 27.35254 18.58659 
0.8878994 1.184951 17.53671 16.33264 26.71477 19.30927 
0.9018145 1.215361 18.29395 16.73517 36.05772 18.88203 
0.879324 1.186751 17.99457 16.46748 38.1341 19.22889 
0.8863683 1.173404 18.31362 17.81412 28.72753 18.11367 
0.8704882 1.161121 18.47047 16.78882 43.58839 18.93114 
0.9005616 1.235813 19.71098 18.55325 35.59415 17.32189 
0.7984688 1.081945 17.8982 17.14315 29.04269 19.0175 
0.9008822 1.204323 18.40263 18.75992 30.43819 17.41688 
0.8260357 1.123357 17.67428 17.43595 31.98022 18.84333 
0.8500297 1.132998 18.3278 17.80458 27.27305 18.5583 
0.848947 1.12278 18.34803 17.6838 30.2478 18.67142 
0.7593477 1.022385 18.01627 17.6319 31.20222 18.76059 
0.9256616 1.24619 18.38654 18.7441 30.60597 17.88265 
0.9230323 1.23951 18.36374 18.33078 43.73474 18.14947 
0.9307733 1.241935 18.44156 17.77324 37.57059 18.8475 
0.7794881 1.061819 18.10143 17.15737 34.45027 19.53032 
0.8482671 1.127935 18.46491 19.32324 21.9825 17.59486 
0.8696117 1.165521 18.22621 17.95881 30.81958 18.80504 
0.8740256 1.153791 18.17617 18.23969 31.55384 18.58653 
0.8079069 1.094684 18.136 16.75645 28.04529 20.24809 
0.8665175 1.138629 18.30833 18.01503 29.7638 19.11894 
0.9185562 1.218309 16.91335 17.78335 32.69396 19.46193 
0.8294601 1.099242 18.0865 18.18668 31.65648 19.08619 
0.869405 1.159118 18.00217 18.50146 31.70465 18.88643 
0.8015039 1.064954 18.22774 18.32517 29.33448 19.21336 
0.8947277 1.207611 18.33366 18.74558 36.74078 18.67696 
0.8806772 1.164717 18.27047 18.40187 27.06404 19.24005 
0.8707969 1.158307 18.24444 17.70549 37.98755 19.83022 
0.850971 1.124658 18.17239 17.883 27.32493 20.17657 
0.9285338 1.243255 18.45467 18.5364 35.67015 19.70197 
0.6184857 0.9495356 18.0241 9.401368 12.92454 6.574899 
0.5528669 0.8519614 11.84522 8.591619 21.09917 7.116718 
0.5366037 0.8260875 16.72968 9.032991 14.4657 6.086748 
0.5840552 0.8908381 17.54214 9.54927 19.86155 6.955783 
0.5506399 0.8372147 14.04642 8.33369 12.62118 7.632403 
0.5358617 0.8299513 16.71761 8.493056 11.44968 7.3099 
0.5421395 0.8387518 15.47232 9.277886 12.52171 6.519338 
0.3787949 0.5426574 9.713168 7.92499 13.35806 6.743715 
0.4755251 0.7332249 14.83583 7.695525 11.58088 7.186684 
0.5282545 0.824158 16.93087 8.64448 17.05432 7.974746 
0.5354106 0.8453424 16.70698 8.510236 14.42796 7.879438 
0.5261614 0.8227162 16.53206 7.86812 15.25683 7.265367 
0.5351806 0.8428581 12.15717 7.961901 18.44023 7.556825 
0.5035973 0.7815301 16.34561 8.137724 11.33625 7.122604 
0.268322 0.4247963 9.201484 7.714876 17.93949 6.430849 
0.5026505 0.7322021 10.5756 8.215935 15.47084 6.881276 
0.2794459 0.4363647 9.114083 8.150189 13.54165 6.818718 
0.2755101 0.4361613 9.111044 8.34192 18.04211 6.957623 
0.4969335 0.7627406 13.98898 8.589585 14.32794 7.844848 
0.498728 0.7713842 12.21165 8.560566 13.01831 7.291622 
0.7150178 1.069637 17.06003 16.1229 23.45946 15.35927 
0.8836498 1.186721 17.94761 15.88468 21.86858 16.95069 
0.8766258 1.179127 18.06722 15.67065 26.82845 17.18223 
0.8314579 1.11877 17.75052 16.58168 27.10035 16.29558 
0.8373599 1.108618 17.63973 16.37376 26.77125 16.63398 
0.9194102 1.230078 18.13175 16.3263 30.95269 16.75557 
0.8520761 1.142285 17.7282 16.6201 30.8475 16.58355 
0.9233572 1.232214 18.10435 16.90223 32.3078 16.60034 
0.7569366 1.065563 17.5232 16.69171 26.35916 16.98708 
0.89624 1.198611 18.10121 16.65184 32.62032 17.04231 
0.8766248 1.170866 17.5865 17.22865 24.74252 16.79144 
0.8956971 1.199007 17.97556 17.16913 46.53176 16.47446 
0.9166133 1.224864 18.03985 16.93808 29.80436 17.2242 
0.8607183 1.161412 17.75924 16.96095 29.68421 17.28581 
0.8148279 1.106851 17.72429 18.05806 31.31621 16.20174 
0.9294305 1.218225 18.0185 15.93742 30.35604 18.36354 
0.871922 1.162377 17.86241 16.96079 30.60546 17.33724 
0.8881764 1.184248 18.06038 16.62613 35.48606 17.65872 
0.832926 1.100759 17.34169 16.59751 29.97412 17.9666 
0.8788774 1.149084 17.88355 18.16003 36.91809 16.31077 
0.9064825 1.200688 18.10727 16.79364 27.75149 17.86869 
0.8611054 1.154434 18.00108 18.1453 27.85581 16.6147 
0.8460259 1.127599 17.72675 16.841 35.96578 17.81629 
0.8922131 1.228226 17.89599 16.9694 35.98702 17.73284 
0.7816489 1.064099 17.65542 17.44392 37.30115 17.25329 
0.9156971 1.214566 18.0881 17.52572 39.21707 17.1618 
0.8948627 1.186635 17.96517 17.3915 35.10865 17.36136 
0.7338517 1.002408 17.6485 17.40308 27.17807 17.52618 
0.7792618 1.047621 17.65395 16.53897 33.44843 18.36708 
0.8383975 1.139439 17.85025 17.89749 29.99249 17.10026 
0.9039414 1.20944 18.11944 16.91971 32.3706 18.03994 
0.8733532 1.145735 17.82013 17.55236 32.11471 17.44698 
0.8249595 1.118445 17.90541 17.64238 34.71946 17.33445 
0.8116143 1.10861 17.72382 17.66665 25.54746 17.52231 
0.8103571 1.114091 17.74115 17.57377 36.5675 17.51982 
0.8383806 1.137173 17.84453 17.50993 29.64111 17.80862 
0.8214095 1.108084 17.98596 17.11568 32.77148 18.16437 
0.8688593 1.141616 18.08906 17.67829 23.50202 17.76789 
0.861073 1.119549 11.88262 17.58008 32.48549 17.83073 
0.8460028 1.135454 17.72123 17.08131 29.53693 18.32887 
0.8382337 1.138661 17.7914 17.54931 35.01987 17.78022 
0.8046644 1.086695 17.68603 18.22064 26.20297 17.26149 
0.777885 1.048616 17.57911 17.46236 22.58761 18.1309 
0.8011503 1.094862 17.76471 18.13711 34.61014 17.26117 
0.771055 1.075791 17.63027 17.05543 44.00487 18.26371 
0.8450277 1.13526 17.80121 17.48531 32.22589 18.02916 
0.813004 1.088762 17.69161 17.31754 35.8939 18.13864 
0.8239889 1.134792 17.75406 16.44526 33.98415 19.10587 
0.8822503 1.181375 17.92613 17.11024 27.3649 18.58501 
0.793191 1.075999 17.82876 17.44645 27.78646 18.25234 
0.7937636 1.091035 17.69647 17.58773 28.97962 18.10468 
0.952702 1.291543 18.2324 17.78718 41.93194 17.66934 
0.79562 1.070583 17.86488 17.34362 20.39335 18.54809 
1.053692 1.395107 17.98378 16.99879 27.15991 18.83592 
0.7990165 1.096819 17.71894 17.09359 27.56645 18.74538 
0.766984 1.047328 17.77758 16.88127 33.01552 19.07844 
0.8554752 1.157794 17.77802 18.33801 27.01468 17.79525 
0.8493271 1.165432 17.99014 17.6629 28.83968 18.53983 
0.8412993 1.154995 17.77661 17.51801 32.63309 18.67275 
0.8415849 1.146633 17.8119 18.00396 30.73606 18.32775 
0.7746954 1.067295 17.81678 17.99816 48.42685 18.06912 
0.8961329 1.180883 17.57861 17.30606 32.4535 19.13034 
0.8839631 1.177942 17.83022 17.56827 35.58794 18.83343 
0.8163011 1.116616 17.6187 18.05008 32.91947 18.43513 
0.7606134 1.067632 17.70622 18.63947 37.67889 17.82318 
0.846343 1.154075 17.80149 17.96459 34.7405 18.56694 
0.7894409 1.07836 17.70563 17.83419 29.36298 18.82791 
0.965843 1.251078 17.88162 18.88425 32.07128 17.77094 
0.8842678 1.175097 18.00162 17.50829 30.26646 19.30255 
0.8450875 1.151726 18.10192 17.89612 31.82811 18.89186 
0.7773871 1.063757 17.81486 18.8268 29.19472 18.31751 
0.8328295 1.134874 17.74477 17.31832 38.51949 19.80386 
0.9514802 1.23929 17.70906 18.03673 30.32114 19.24464 
0.8997073 1.193729 17.9023 17.83993 30.4183 19.46943 
0.8151371 1.120766 17.63915 18.01001 44.92168 19.12434 
0.829896 1.132056 17.78759 17.863 36.87459 19.59153 
0.8618946 1.148727 17.7963 17.87871 39.99783 19.65905 
0.8274035 1.11717 17.62918 18.00723 31.22229 19.75726 
0.8361351 1.132814 17.80619 18.46133 32.20909 19.29311 
0.4988737 0.7722831 12.99783 7.82739 12.99341 7.267318 
0.6085238 0.9205348 17.76272 8.404117 12.30704 6.239451 
0.3113918 0.4786243 9.852422 7.612657 21.58058 7.778827 
0.3114007 0.4937317 10.66615 7.928056 16.68463 6.664216 
0.2501054 0.3977013 8.383259 7.491608 11.98512 6.731232 
0.2437675 0.3799062 7.958759 7.578719 17.91987 7.793374 
0.2581618 0.4149644 8.284064 7.54969 16.20948 7.195899 
0.6175146 0.9309168 17.58013 8.371666 12.11523 7.513986 
0.3075712 0.488946 9.230863 7.909169 13.99489 6.962164 
0.4908895 0.7748208 10.60493 7.970389 17.09657 7.080507 
0.3144739 0.4833379 8.573607 7.901384 16.69094 7.114012 
0.267684 0.4123354 8.404366 7.64046 11.5606 7.213047 
0.2831416 0.4377708 8.838779 7.74452 24.24293 7.176096 
0.2542465 0.4199681 9.432041 8.022104 11.69067 7.621787 
0.2455311 0.3998477 9.07035 8.107417 10.80056 7.57303 
0.2735384 0.4216189 8.966879 8.178435 13.17189 7.635917 
0.6083939 0.9345021 18.19792 8.388171 12.83078 9.250168 
0.2471805 0.4108543 9.0805 8.79281 13.45317 7.318268 
0.2520871 0.3929627 8.231001 8.3873 11.23821 7.526754 
0.2812295 0.4273973 8.378606 7.810723 13.63559 8.748552 
0.2322514 0.3676636 7.32294 8.160829 13.35503 7.538288 
