0.8478522 1.156409 17.77168 17.33046 24.18419 13.63945 
0.6790454 0.9390101 17.5129 17.96096 34.50429 13.3127 
0.8408551 1.143519 18.83005 18.45088 28.55719 12.87791 
0.9675941 1.284091 17.87449 17.9219 29.37212 13.71061 
0.9071743 1.204996 17.81712 18.56091 33.88581 13.25887 
0.8147509 1.134725 17.7078 18.1789 26.34474 13.96831 
0.8417692 1.143406 17.4326 17.70892 31.12524 14.39002 
0.9514551 1.238167 18.00359 17.78228 28.70186 14.37541 
0.8297224 1.161056 17.91424 17.42756 25.9697 14.86261 
0.8310425 1.132482 17.93555 18.47264 27.51646 14.40354 
0.8718166 1.159879 17.62926 18.17246 33.98001 14.74354 
0.8849058 1.171102 17.89202 18.42876 29.95365 14.55612 
0.8406782 1.126167 18.18374 18.16677 28.80282 15.02532 
0.7157521 0.9826281 17.47425 18.70702 31.18972 14.56892 
0.9046731 1.201067 17.83941 17.86921 26.18711 15.46507 
1.015122 1.302073 17.79972 19.02321 44.91479 14.04606 
0.8240223 1.130555 17.99289 18.33817 32.00797 14.92307 
0.7944677 1.101848 18.20712 18.17128 30.87327 15.22226 
0.844892 1.14998 17.86331 18.78433 29.15779 14.68685 
0.9263046 1.241734 17.52752 18.13637 38.37062 15.23671 
0.7407792 1.013178 17.28026 18.53608 26.76338 15.11958 
0.6658895 0.9224889 17.50919 19.10327 35.63281 14.43748 
0.8909905 1.210195 18.24848 18.30561 30.03142 15.34043 
0.8796785 1.183214 17.92545 17.81551 35.19038 15.76493 
0.6940553 0.9633455 17.60599 18.43984 32.881 15.32773 
0.6549897 0.9091048 17.35202 18.69001 31.39774 15.24273 
0.8620224 1.155887 17.58746 18.40747 34.86627 15.46329 
0.8203232 1.118739 17.16775 18.09785 28.56773 15.86843 
0.861114 1.160993 17.83344 18.07665 23.2049 16.04805 
0.9565418 1.27391 17.95187 18.17581 25.54784 15.94134 
0.7101803 0.9689558 17.37158 18.94604 40.50997 15.05831 
0.9314477 1.221324 18.10812 18.85607 36.56169 15.18125 
0.8354101 1.146205 17.77465 18.55462 26.79468 15.66775 
0.8395164 1.134132 17.97191 19.8046 31.02039 14.42032 
0.8062637 1.120776 17.89904 19.60082 24.53404 14.76294 
0.8553913 1.15004 18.13483 18.27358 28.09695 16.02764 
0.8964458 1.209757 17.76747 19.26516 29.38471 15.18215 
0.9666169 1.252093 17.51359 18.44144 31.1243 16.00607 
0.9989491 1.292755 17.95868 19.47099 29.03397 15.57541 
1.001544 1.306123 17.87583 18.06787 43.03431 16.79556 
0.8737736 1.153964 18.02315 19.10118 31.17965 16.08859 
0.8391809 1.134445 17.82373 20.57664 31.22571 14.67585 
0.7521529 1.034807 17.61481 18.85855 44.40147 16.23738 
0.8534567 1.153273 18.03344 19.89228 33.26159 15.35254 
0.9185996 1.191338 18.09029 19.48713 34.31983 15.80243 
0.8271461 1.120178 17.75117 19.96716 37.74879 15.41665 
0.8423965 1.143718 18.17258 19.20346 30.95963 16.31929 
0.8514411 1.132939 17.81014 19.10611 26.56979 16.56169 
0.9032593 1.177655 18.07065 19.07318 28.76302 16.58618 
0.8284969 1.147787 18.05054 19.41644 51.66566 15.91202 
0.8662415 1.164032 17.94477 19.99453 42.15093 15.51991 
0.8330007 1.14309 18.17544 20.04166 39.19072 15.59961 
0.8348863 1.122811 18.01479 20.07124 35.14382 15.6517 
1.022239 1.326149 18.01104 19.69061 32.00593 16.23793 
0.8982136 1.210439 18.41231 19.56115 35.97298 16.37251 
1.003828 1.305497 17.80137 20.00785 33.84894 16.01882 
1.031432 1.335325 17.89402 19.22154 30.62875 16.89882 
0.9014325 1.180324 17.84515 20.55462 36.6768 15.49635 
0.9693153 1.251076 18.0598 19.16901 27.67233 17.13243 
1.003527 1.316515 17.84057 19.08678 29.93224 17.26304 
0.8378379 1.127402 18.09002 19.63221 24.52603 16.81215 
0.8990157 1.212579 18.36349 19.20114 29.57648 17.21643 
0.8164897 1.14403 18.10059 20.24996 26.78958 16.25282 
0.8552983 1.176535 17.91909 19.83188 39.7663 16.58603 
0.8331633 1.12918 17.82055 19.68828 31.16614 16.91626 
1.020838 1.326571 17.92418 20.14761 35.38123 16.48772 
0.8455958 1.143894 18.08816 19.84304 46.11948 16.64188 
0.86869 1.166562 17.9988 19.34599 34.73419 17.35856 
1.021593 1.326473 17.83445 19.45719 30.71659 17.37651 
1.010735 1.293598 17.88937 20.36437 32.9034 16.54256 
1.043008 1.322406 18.35025 19.73525 27.05844 17.45138 
0.8386836 1.14967 18.19578 19.99153 32.41189 17.12116 
0.8507557 1.163362 18.09282 20.7702 42.42356 16.20083 
0.8958514 1.179518 17.83493 19.86611 31.55546 17.32787 
0.8451192 1.131325 17.82281 18.91583 32.07756 18.27593 
0.8580167 1.166601 19.55293 20.25837 34.31584 17.04231 
1.032716 1.33477 18.01103 19.35019 38.02005 18.02463 
0.9698682 1.238577 17.95838 20.68987 42.0117 16.74858 
0.7824805 1.102292 17.87471 20.43843 22.23921 17.40095 
0.5816696 0.8897464 17.88705 9.562099 13.67891 5.291868 
0.6110697 0.9342098 17.97559 9.79005 16.13473 5.952073 
0.5463581 0.846549 16.65187 8.835872 13.66597 5.511496 
0.520731 0.730418 10.70072 8.850836 14.42439 5.544949 
0.5846334 0.9120786 17.52395 9.931757 8.737737 6.372348 
0.4777446 0.7471416 13.1303 8.972461 11.79215 5.547204 
0.2949791 0.4675608 11.7929 8.823703 16.32062 5.961741 
0.2603896 0.4135125 8.427374 8.933516 11.92757 5.732911 
0.2983916 0.4650736 12.79727 9.15945 17.9608 5.868212 
0.2478104 0.3930297 8.187182 8.683088 15.09814 5.428204 
0.6328261 0.9823334 17.87512 10.47216 14.88001 5.534386 
0.5243554 0.7962959 15.88413 8.811974 12.13501 5.438457 
0.2345769 0.3709552 7.767441 8.903515 14.93685 5.98814 
0.5419128 0.8285267 14.4198 9.132668 14.41519 5.611979 
0.3187873 0.5062454 10.598 8.982994 15.10266 5.755019 
0.2894485 0.4507911 9.542316 8.746179 12.91875 5.769694 
0.2848175 0.475126 10.79398 8.837684 12.46845 6.608651 
0.5414903 0.8260865 11.64637 9.179614 11.78723 6.274852 
0.2722464 0.4217107 8.537572 8.695701 18.8305 6.172162 
0.2861955 0.4507742 8.771907 8.597909 12.48776 6.807969 
0.4836087 0.7636073 15.37266 9.28481 14.26514 6.947547 
