0.0689204 0.0689204 1 1 1 0.7870194 
0.06989254 0.06989254 1 1 1 0.928514 
0.05391076 0.05391076 1 1 1 0.795738 
0.08785272 0.08785272 1 1 1 0.9045982 
0.07340446 0.07340446 1 1 1 0.3175771 
0.07132488 0.07132488 1 1 1 0.6640009 
0.05699863 0.05699863 1 1 1 1.003245 
0.0738864 0.0738864 1 1 1 0.921615 
0.0757209 0.0757209 1 1 1 0.7886323 
0.07995835 0.07995835 1 1 1 0.6917665 
0.07121409 0.07121409 1 1 1 0.8995595 
0.08034008 0.08034008 1 1 1 1.005743 
0.4992562 0.4992562 1 1 1 0.9990068 
0.06001807 0.06001807 1 1 1 0.9339413 
0.06924012 0.06924012 1 1 1 0.8991888 
0.07251635 0.07251635 1 1 1 1 
0.3628884 0.3628884 1 1 1 0.9003813 
0.08065891 0.08065891 1 1 1 0.8994442 
0.08334473 0.08334473 1 1 1 1.054978 
0.07493589 0.07493589 1 1 1 0.8967468 
0.09116985 0.09116985 1 1 1 0.4653026 
0.06810164 0.06810164 1 1 1 1.086954 
0.0806336 0.0806336 1 1 1 0.9810792 
0.07286207 0.07286207 1 1 1 1.084934 
0.07446169 0.07446169 1 1 1 0.9092733 
0.0675246 0.0675246 1 1 1 0.8993223 
0.06516578 0.06516578 1 1 1 0.792039 
0.06563002 0.06563002 1 1 1 1 
0.07652341 0.07652341 1 1 1 0.7944995 
0.3936849 0.3936849 1 1 1 1.051194 
0.06772608 0.06772608 1 1 1 0.8614109 
0.08394327 0.08394327 1 1 1 0.9798452 
0.08157323 0.08157323 1 1 1 1 
0.08284572 0.08284572 1 1 1 0.7949134 
0.07154137 0.07154137 1 1 1 0.8227687 
0.07197087 0.07197087 1 1 1 1 
0.07754354 0.07754354 1 1 1 1.048314 
0.06848022 0.06848022 1 1 1 0.7872952 
0.08068397 0.08068397 1 1 1 1 
0.07135972 0.07135972 1 1 1 0.8985629 
0.07521426 0.07521426 1 1 1 0.7909909 
0.07426415 0.07426415 1 1 1 0.8193765 
0.07484558 0.07484558 1 1 1 0.7830494 
0.06852284 0.06852284 1 1 1 0.6177286 
0.08101662 0.08101662 1 1 1 1.153415 
0.0721272 0.0721272 1 1 1 0.7902199 
0.3370215 0.3370215 1 1 1 1.040671 
0.07375084 0.07375084 1 1 1 0.6634724 
0.07566482 0.07566482 1 1 1 0.9827864 
0.07483898 0.07483898 1 1 1 0.4957201 
0.06580412 0.06580412 1 1 1 1 
0.3940329 0.3940329 1 1 1 0.8978764 
0.05936483 0.05936483 1 1 1 1.064207 
0.06981723 0.06981723 1 1 1 1 
0.08564376 0.08564376 1 1 1 1.062419 
0.07261804 0.07261804 1 1 1 1.158848 
0.07718341 0.07718341 1 1 1 0.81325 
0.06722437 0.06722437 1 1 1 0.7872316 
0.07569203 0.07569203 1 1 1 1.112348 
0.06986773 0.06986773 1 1 1 1.078511 
0.0667812 0.0667812 1 1 1 0.8984279 
0.08331281 0.08331281 1 1 1 1 
0.07946237 0.07946237 1 1 1 0.784756 
0.07327838 0.07327838 1 1 1 0.7949786 
0.06821912 0.06821912 1 1 1 0.8968174 
0.07630255 0.07630255 1 1 1 0.8959737 
0.07065765 0.07065765 1 1 1 0.8616579 
0.07049785 0.07049785 1 1 1 0.9084425 
0.08330396 0.08330396 1 1 1 0.8984268 
0.06346105 0.06346105 1 1 1 0.9135765 
0.06367992 0.06367992 1 1 1 0.959591 
0.06884522 0.06884522 1 1 1 0.7919029 
0.08213266 0.08213266 1 1 1 0.8972876 
0.08004907 0.08004907 1 1 1 0.5903401 
0.1133273 0.1133273 1 1 1 1.098953 
0.07546997 0.07546997 1 1 1 0.8761631 
0.05898379 0.05898379 1 1 1 1 
0.07120888 0.07120888 1 1 1 0.7929862 
0.07570368 0.07570368 1 1 1 0.7994781 
0.07344868 0.07344868 1 1 1 0.786925 
0.08182738 0.08182738 1 1 1 0.8700046 
0.07046427 0.07046427 1 1 1 0.800048 
0.07552562 0.07552562 1 1 1 0.4867401 
0.06414801 0.06414801 1 1 1 0.6635664 
0.08027543 0.08027543 1 1 1 0.8116171 
0.08068267 0.08068267 1 1 1 0.8968432 
0.06920275 0.06920275 1 1 1 0.9575867 
0.07584808 0.07584808 1 1 1 0.8356454 
0.0724317 0.0724317 1 1 1 0.8966474 
0.0868942 0.0868942 1 1 1 0.9054886 
0.403082 0.403082 1 1 1 1.041257 
0.07549215 0.07549215 1 1 1 0.8980356 
0.07827621 0.07827621 1 1 1 0.7992398 
0.06948553 0.06948553 1 1 1 0.9844199 
0.07191155 0.07191155 1 1 1 0.7866516 
0.07139908 0.07139908 1 1 1 0.7845057 
0.07413761 0.07413761 1 1 1 0.9934379 
0.07578508 0.07578508 1 1 1 0.9075831 
0.07932025 0.07932025 1 1 1 0.8095092 
0.07509483 0.07509483 1 1 1 0.8976487 
0.06885504 0.06885504 1 1 1 1.069715 
0.07137546 0.07137546 1 1 1 1.045793 
0.06982091 0.06982091 1 1 1 1.226281 
0.06972088 0.06972088 1 1 1 1.069206 
0.08355207 0.08355207 1 1 1 0.7892207 
0.07556469 0.07556469 1 1 1 0.9107433 
0.0505659 0.0505659 1 1 1 0.7008951 
0.07429066 0.07429066 1 1 1 1 
0.08311355 0.08311355 1 1 1 0.9774483 
0.06773854 0.06773854 1 1 1 1 
0.07434665 0.07434665 1 1 1 0.6561163 
0.07268871 0.07268871 1 1 1 0.9118609 
0.06693619 0.06693619 1 1 1 0.7975819 
0.07122549 0.07122549 1 1 1 0.6678405 
0.0636408 0.0636408 1 1 1 0.7939504 
0.06604763 0.06604763 1 1 1 1 
0.07185691 0.07185691 1 1 1 1 
0.3914599 0.3914599 1 1 1 0.7964748 
0.07396412 0.07396412 1 1 1 0.6596704 
0.08495695 0.08495695 1 1 1 0.8551663 
0.07917113 0.07917113 1 1 1 0.7989215 
0.4117471 0.4117471 1 1 1 0.7250664 
0.07327283 0.07327283 1 1 1 0.8967474 
0.4015661 0.4015661 1 1 1 1.003896 
0.08473997 0.08473997 1 1 1 1.035146 
0.07387534 0.07387534 1 1 1 1.038588 
0.07270702 0.07270702 1 1 1 0.8255412 
0.07772673 0.07772673 1 1 1 0.8965546 
0.07628812 0.07628812 1 1 1 0.7889231 
0.06180878 0.06180878 1 1 1 0.9021535 
0.07625571 0.07625571 1 1 1 0.7867795 
0.08841044 0.08841044 1 1 1 0.5089688 
0.4250703 0.4250703 1 1 1 0.902425 
0.07681511 0.07681511 1 1 1 1 
0.07213083 0.07213083 1 1 1 1 
0.08575363 0.08575363 1 1 1 0.9002006 
0.07485895 0.07485895 1 1 1 0.9054072 
0.06644315 0.06644315 1 1 1 0.9259199 
0.0727875 0.0727875 1 1 1 0.7832916 
0.06388888 0.06388888 1 1 1 1 
0.07713454 0.07713454 1 1 1 0.5725852 
0.07837219 0.07837219 1 1 1 0.7846698 
0.06575879 0.06575879 1 1 1 1 
0.0758707 0.0758707 1 1 1 0.6638527 
0.07094788 0.07094788 1 1 1 0.9004211 
0.07087581 0.07087581 1 1 1 0.7869313 
0.08074919 0.08074919 1 1 1 1.06558 
0.07924292 0.07924292 1 1 1 0.7895511 
0.4099214 0.4099214 1 1 1 0.8994335 
0.06694831 0.06694831 1 1 1 0.917714 
0.07029458 0.07029458 1 1 1 0.9093488 
0.07010155 0.07010155 1 1 1 0.8962645 
0.07195396 0.07195396 1 1 1 0.8151391 
0.08082067 0.08082067 1 1 1 1 
0.06793732 0.06793732 1 1 1 0.9908536 
0.08566472 0.08566472 1 1 1 0.6620068 
0.07994969 0.07994969 1 1 1 0.9021867 
0.06465256 0.06465256 1 1 1 0.9111196 
0.07053679 0.07053679 1 1 1 0.8956341 
0.06977834 0.06977834 1 1 1 0.9210462 
0.06724428 0.06724428 1 1 1 0.9119865 
0.06887436 0.06887436 1 1 1 0.8969181 
0.07321809 0.07321809 1 1 1 0.7925646 
0.07406157 0.07406157 1 1 1 0.8045991 
0.07556086 0.07556086 1 1 1 0.8984308 
0.07892721 0.07892721 1 1 1 1 
0.06637008 0.06637008 1 1 1 1.058407 
0.07474255 0.07474255 1 1 1 0.7891212 
0.07325621 0.07325621 1 1 1 0.651708 
0.1438416 0.1438416 1 1 1 0.6466149 
0.08823844 0.08823844 1 1 1 1.074972 
0.06713554 0.06713554 1 1 1 0.9135155 
0.09309771 0.09309771 1 1 1 1.052828 
0.07677793 0.07677793 1 1 1 0.977591 
0.08244905 0.08244905 1 1 1 0.7947376 
0.08253404 0.08253404 1 1 1 0.8722641 
0.07384515 0.07384515 1 1 1 0.8730709 
0.07156891 0.07156891 1 1 1 1.047682 
0.07543953 0.07543953 1 1 1 0.8305682 
0.0724484 0.0724484 1 1 1 1 
0.07623086 0.07623086 1 1 1 0.9591025 
0.0753968 0.0753968 1 1 1 1.024857 
0.07304632 0.07304632 1 1 1 0.9226679 
0.07321438 0.07321438 1 1 1 0.8152152 
0.08405149 0.08405149 1 1 1 0.9104736 
0.06161181 0.06161181 1 1 1 1 
0.07058878 0.07058878 1 1 1 0.8976738 
0.3589317 0.3589317 1 1 1 0.8220566 
0.07470479 0.07470479 1 1 1 0.8343619 
0.06539437 0.06539437 1 1 1 1 
0.0681704 0.0681704 1 1 1 0.937656 
0.07002604 0.07002604 1 1 1 0.7979661 
0.07833188 0.07833188 1 1 1 0.9273254 
0.07612165 0.07612165 1 1 1 1.09093 
0.08077322 0.08077322 1 1 1 0.7849297 
0.07148111 0.07148111 1 1 1 1 
0.06899534 0.06899534 1 1 1 0.9059882 
0.0870318 0.0870318 1 1 1 0.8989801 
0.0765371 0.0765371 1 1 1 0.9087174 
0.07592225 0.07592225 1 1 1 0.6968079 
