0.05753422 0.03743058 
0.04761629 0.03982015 
0.04616348 0.0340129 
0.05641251 0.04278807 
0.05831786 0.04705242 
0.04602683 0.03715634 
0.04774609 0.035532 
0.05849515 0.04212025 
0.04739533 0.03581067 
0.05394283 0.04330861 
0.06119509 0.05024255 
0.0534685 0.04205776 
0.05421167 0.04138154 
0.04971648 0.03658465 
0.04405106 0.03437482 
0.04526286 0.03869528 
0.04506844 0.03949559 
0.04314613 0.0386665 
0.05151708 0.03509631 
0.05539564 0.04297978 
0.04521775 0.03893099 
0.05728369 0.0493094 
0.05102708 0.04273135 
0.04728746 0.03944824 
0.05183836 0.0361394 
0.04615998 0.03091631 
0.04963389 0.03529456 
0.05615309 0.044529 
0.05264228 0.04562373 
0.04498392 0.03888827 
0.05364782 0.04319759 
0.05303928 0.04116886 
0.05890613 0.04757307 
0.04681777 0.04105485 
0.04978749 0.03856827 
0.05218716 0.03708113 
0.05089576 0.04180571 
0.06087254 0.04466937 
0.05678311 0.04541207 
0.04797734 0.03570724 
0.05074996 0.04221345 
0.04287975 0.03720083 
0.05718902 0.04666738 
0.05255869 0.04484561 
0.05028177 0.03919321 
0.05732016 0.04364772 
0.05514727 0.04233454 
0.05656164 0.04744881 
0.04985445 0.04113309 
0.05707195 0.04159895 
0.04621088 0.03938185 
0.04650259 0.03288063 
0.05844048 0.04759047 
0.05677407 0.04270312 
0.04681252 0.03586803 
0.05518911 0.04217455 
0.04884594 0.04284238 
0.05438601 0.0353093 
0.04999051 0.03698363 
0.05257564 0.03991582 
0.05626894 0.03964538 
0.06433502 0.0503617 
0.05109602 0.03490141 
0.04252678 0.03772328 
0.05394964 0.04739208 
0.05132637 0.03787965 
0.04730747 0.03887724 
0.04964235 0.03982054 
0.05386258 0.04033271 
0.04862105 0.04273822 
0.0602488 0.04730371 
0.06544726 0.04658326 
0.05453431 0.04089934 
0.06369547 0.04983364 
0.05398165 0.04402556 
0.05788713 0.04818463 
0.05562942 0.04619735 
0.05259605 0.04435459 
0.04656069 0.03629298 
0.05578672 0.04658165 
0.0564589 0.04334036 
0.0552402 0.05248906 
0.04885198 0.04171219 
0.05200015 0.03775128 
0.04884294 0.04199334 
0.05291981 0.03975176 
0.06042757 0.04338316 
0.05873137 0.04541563 
0.04602899 0.04022146 
0.05486443 0.0450241 
0.06235739 0.05168854 
0.04854621 0.03522012 
0.05316018 0.04464511 
0.0538229 0.04348956 
0.05180115 0.04518293 
0.117493 0.03930297 
0.05548449 0.04322687 
0.0571972 0.04400803 
0.04615599 0.04104513 
0.04974331 0.04298367 
