0.0476371 0.04424617 0.5475902 0.6916285 0.225696 0.8849408 
0.04506396 0.04366909 0.5517115 0.6714925 0.2193797 0.8720536 
0.04010706 0.03756153 0.4280221 0.6973884 0.2356704 0.7771346 
0.05379586 0.04812811 0.6730631 0.7177225 0.1960534 0.8187075 
0.0461283 0.04312329 0.7165283 0.7437891 0.2634402 0.767008 
0.04961204 0.04745041 0.562416 0.5943672 0.2271192 0.8007418 
0.04606663 0.0443433 0.5148366 0.801703 0.2311837 0.8270202 
0.04750998 0.04536694 0.4713613 0.5860936 0.2282673 0.846882 
0.04972941 0.04871415 0.6603096 0.7415368 0.2442514 0.80697 
0.04912582 0.04580369 0.4596035 0.5783097 0.2317191 0.6496333 
0.0608684 0.05716575 0.7168586 0.7907943 0.2204955 0.9052651 
0.05243988 0.04918644 0.6079285 0.7420014 0.2106128 0.9354877 
0.05886757 0.05455504 0.5307699 0.6645527 0.2043509 0.8206071 
0.04569906 0.04421657 0.454092 0.7469968 0.1888027 0.7367782 
0.05595456 0.05043939 0.5503706 0.6282552 0.2107125 0.8178516 
0.04353312 0.03935356 0.5029086 0.6612406 0.2072676 0.9128324 
0.05383843 0.05401899 0.693817 0.6312094 0.2354236 0.7292388 
0.05515224 0.0535212 0.660162 0.609652 0.2621369 0.7787171 
0.05642957 0.05594907 0.6897701 0.7450435 0.1598341 0.6794857 
0.058576 0.05601304 0.5952552 0.6413193 0.1803479 0.8593097 
0.04846523 0.04544273 0.6538576 0.6701192 0.2071022 0.7825289 
0.04966428 0.04823464 0.6370516 0.5200034 0.2370007 0.7681237 
0.05297882 0.05311186 0.7258003 0.7005541 0.2609621 0.8558788 
0.05832416 0.05193748 0.6118129 0.6505353 0.1934775 0.8144762 
0.04653247 0.04346422 0.5489117 0.7007727 0.233518 0.7727661 
0.05360751 0.04655468 0.6795027 0.7277802 0.2015713 0.8997239 
0.04435855 0.03997533 0.6695619 0.6091108 0.2437554 0.748644 
0.04956035 0.04536794 0.5426874 0.547237 0.1936733 0.8480547 
0.04925002 0.04284535 0.6272324 0.5343183 0.2014 0.7668892 
0.05999334 0.05560294 0.6253633 0.66861 0.2215332 0.8351052 
0.05133266 0.04848415 0.6704469 0.6429766 0.2111536 0.7724467 
0.04990522 0.04708993 0.6007502 0.7307203 0.2480734 0.7765986 
0.06617494 0.06110072 0.5249894 0.6990381 0.2655388 0.8175762 
0.05656192 0.04613297 0.7694846 0.6571585 0.249657 0.8797115 
0.05130747 0.04794142 0.5504773 0.6083517 0.2314242 0.8230261 
0.04733445 0.04498736 0.4383394 0.5747629 0.254559 0.8443834 
0.05622963 0.05389776 0.6329414 0.7335352 0.226823 0.831317 
0.04372098 0.03806877 0.5083002 0.5702103 0.2173769 0.7470245 
0.07076161 0.06742211 0.4899661 0.635401 0.2064487 0.8667879 
0.05217039 0.04925509 0.5402564 0.6493462 0.2400275 0.8253039 
0.05123945 0.04402752 0.6101193 0.6984156 0.242591 0.7312026 
0.04719859 0.04212679 0.5628039 0.7314942 0.2411498 0.7326295 
0.04486857 0.04089734 0.8124363 0.778293 0.2388911 0.7499978 
0.05290619 0.05047257 0.5772047 0.5927438 0.2070869 0.8197531 
0.0423254 0.04053487 0.6300564 0.7302118 0.1742607 0.8291639 
0.05353275 0.05120824 0.6103425 0.7177263 0.2179261 0.9153056 
0.05302576 0.04837237 0.606829 0.6602104 0.2254378 0.7239219 
0.05626885 0.05011854 0.8601472 0.6698044 0.2724648 0.9380075 
0.05789554 0.05697542 0.7889402 0.7280719 0.2690106 0.8954712 
0.0423082 0.04141205 0.8702317 0.7740672 0.2476235 0.9137373 
0.05368174 0.04728327 0.7520355 0.7133092 0.2333633 0.9171401 
0.05872544 0.05174688 0.8328134 0.6441287 0.2538928 0.833222 
0.05177438 0.04630576 0.996437 0.8257336 0.2390129 0.8521975 
0.05220126 0.04674845 0.672402 0.6106917 0.1882396 0.797908 
0.04539633 0.04468017 0.5967816 0.6161413 0.2076235 0.9009672 
0.05013153 0.04520616 0.6412648 0.6038498 0.1986742 0.8952179 
0.0492352 0.04661727 0.6252191 0.7453415 0.2066147 0.8383288 
0.0587549 0.0558678 0.5354778 0.7840755 0.1863545 0.9293857 
0.05139224 0.04711344 0.7234777 0.7087015 0.1995852 0.9089649 
0.05367116 0.05060612 0.7278354 0.6606456 0.2543404 0.8764715 
0.05541179 0.05318691 0.4869672 0.7046413 0.1889668 0.7273006 
0.05329307 0.05095565 0.7530208 0.7116968 0.2607537 0.9239859 
0.05436024 0.04570562 0.8622469 0.6337993 0.2284662 0.7860288 
0.05820779 0.05530505 0.6285515 0.7647587 0.1785866 0.8699427 
0.05369687 0.05020508 0.7018308 0.7904957 0.1838097 1.007926 
0.05041307 0.04712388 0.7932233 0.7391864 0.2612965 0.8666292 
0.06242791 0.06059848 0.5213447 0.6327115 0.2107088 0.85533 
0.05043341 0.04475603 0.7067119 0.6871474 0.2185305 0.6780825 
0.04755342 0.04451318 0.4420713 0.5691667 0.2223955 0.7467674 
0.05908548 0.05532834 0.6557657 0.6118523 0.1790011 0.8798999 
0.05298195 0.0493227 0.4786677 0.7145338 0.2139195 0.8799877 
0.06234541 0.05959587 0.5664272 0.6830772 0.2196098 0.7455403 
0.05404854 0.05160948 0.7357563 0.8767531 0.1879833 0.902455 
0.04185337 0.04278403 0.794557 0.759857 0.2579861 0.9932194 
0.06069596 0.05648633 0.7169413 0.6574311 0.1769313 0.8332009 
0.05926053 0.057398 0.5557224 0.6641875 0.2066486 0.7619653 
0.0650112 0.06290915 0.7590513 0.8696544 0.1619127 0.9591607 
0.05630869 0.05508049 0.5071969 0.6687807 0.233555 0.9267317 
0.04876914 0.04462452 0.7342044 0.7148415 0.209386 0.8350098 
0.05911991 0.0552401 0.6891496 0.6573091 0.2165365 0.9002824 
0.05401954 0.05068612 0.5558985 0.7668418 0.2561105 0.9575888 
0.04501246 0.04147677 0.6582046 0.5835033 0.1796992 0.6952696 
0.052096 0.05111786 0.5085464 0.6791499 0.2166445 0.7332989 
0.05029041 0.04781377 0.5072897 0.7336271 0.2415855 0.7973987 
0.06287555 0.05611267 0.6317116 0.751341 0.1881707 0.9071188 
0.04080462 0.03990796 0.504114 0.7086383 0.2409514 0.7188668 
0.06905526 0.0542461 0.8716418 0.6811401 0.2847808 0.8194331 
0.05261776 0.05151309 0.6256493 0.7195333 0.1979437 0.819421 
0.05302469 0.04557589 0.6159971 0.7474058 0.2189359 0.8572488 
0.06130804 0.05649518 0.8168788 0.7295496 0.262668 0.822984 
0.04575882 0.04228829 0.5390419 0.6191929 0.2109536 0.9283141 
0.06442979 0.06141673 0.6717656 0.7777806 0.23014 0.8641911 
0.04523372 0.04298238 0.6113849 0.6235336 0.1986141 0.7901521 
0.04726277 0.0440053 0.5328944 0.663473 0.1580307 0.8749496 
0.0544238 0.04652584 0.7809663 0.7662361 0.2474728 0.7569696 
0.05058734 0.04831881 0.5760891 0.7059657 0.2067926 0.7961251 
0.05367164 0.05002528 0.5218224 0.6756155 0.240906 0.8950146 
0.05944899 0.05271141 0.834014 0.7134494 0.2524511 0.8175037 
0.05328282 0.04908667 0.4806375 0.6938408 0.2467691 0.8565383 
0.05076103 0.04991255 0.6420561 0.6400588 0.2304732 0.9431202 
