0.07023568 0.07023568 1 1 1 0.949659 
0.06535068 0.06535068 1 1 1 0.9565477 
0.06530153 0.06530153 1 1 1 0.8508382 
0.07247128 0.07247128 1 1 1 0.9003501 
0.06158154 0.06158154 1 1 1 0.8630027 
0.06196036 0.06196036 1 1 1 0.8649309 
0.06214506 0.06214506 1 1 1 0.9073045 
0.06037142 0.06037142 1 1 1 0.9572463 
0.07457517 0.07457517 1 1 1 0.8065807 
0.06386085 0.06386085 1 1 1 0.7461068 
0.07171721 0.07171721 1 1 1 0.9193239 
0.06600378 0.06600378 1 1 1 0.9578838 
0.06101665 0.06101665 1 1 1 0.9324631 
0.04880007 0.04880007 1 1 1 0.8846506 
0.06578511 0.06578511 1 1 1 0.9088649 
0.06379444 0.06379444 1 1 1 0.952956 
0.06842963 0.06842963 1 1 1 0.8041813 
0.06757146 0.06757146 1 1 1 0.8491328 
0.05932746 0.05932746 1 1 1 0.6615019 
0.07876433 0.07876433 1 1 1 1.107665 
0.06766461 0.06766461 1 1 1 0.9034859 
0.06144113 0.06144113 1 1 1 0.8467508 
0.07058097 0.07058097 1 1 1 0.850327 
0.06990786 0.06990786 1 1 1 0.9503005 
0.06923128 0.06923128 1 1 1 0.8582748 
0.07317461 0.07317461 1 1 1 0.9521963 
0.05977918 0.05977918 1 1 1 0.8415115 
0.06576821 0.06576821 1 1 1 0.998773 
0.07717768 0.07717768 1 1 1 0.9556059 
0.0785414 0.0785414 1 1 1 0.9039635 
0.07104616 0.07104616 1 1 1 0.9064892 
0.06210203 0.06210203 1 1 1 0.7901194 
0.07659207 0.07659207 1 1 1 0.9935068 
0.06649866 0.06649866 1 1 1 0.9554768 
0.05961548 0.05961548 1 1 1 0.949969 
0.06220597 0.06220597 1 1 1 1 
0.07283393 0.07283393 1 1 1 0.9012945 
0.07179358 0.07179358 1 1 1 0.9535923 
0.05438747 0.05438747 1 1 1 1 
0.06977866 0.06977866 1 1 1 0.9048731 
0.06344911 0.06344911 1 1 1 0.8506997 
0.06105345 0.06105345 1 1 1 0.7375302 
0.06650479 0.06650479 1 1 1 0.8734676 
0.07210781 0.07210781 1 1 1 0.9589548 
0.06795654 0.06795654 1 1 1 0.907913 
0.066288 0.066288 1 1 1 1 
0.06773382 0.06773382 1 1 1 0.7249078 
0.06692462 0.06692462 1 1 1 1 
0.07990752 0.07990752 1 1 1 0.9500762 
0.06149441 0.06149441 1 1 1 0.9607039 
0.06742183 0.06742183 1 1 1 0.9177988 
0.06292784 0.06292784 1 1 1 0.9182413 
0.1307009 0.1307009 1 1 1 0.90382 
0.07113683 0.07113683 1 1 1 0.9723006 
0.07274339 0.07274339 1 1 1 1 
0.0655523 0.0655523 1 1 1 1 
0.06738545 0.06738545 1 1 1 0.9151214 
0.07545299 0.07545299 1 1 1 0.8991458 
0.06953673 0.06953673 1 1 1 1 
0.06609852 0.06609852 1 1 1 0.9546387 
0.06928814 0.06928814 1 1 1 0.7952689 
0.07112954 0.07112954 1 1 1 0.9534463 
0.06561654 0.06561654 1 1 1 0.8094995 
0.07367134 0.07367134 1 1 1 0.9170152 
0.05577788 0.05577788 1 1 1 1 
0.0637933 0.0637933 1 1 1 0.9644751 
0.06933329 0.06933329 1 1 1 0.9523861 
0.06423093 0.06423093 1 1 1 0.7888298 
0.0452149 0.0452149 1 1 1 0.8973021 
0.07594219 0.07594219 1 1 1 0.9519536 
0.0649579 0.0649579 1 1 1 0.9015118 
0.07699635 0.07699635 1 1 1 0.7903479 
0.06767865 0.06767865 1 1 1 0.8440231 
0.06896922 0.06896922 1 1 1 1.060119 
0.0809301 0.0809301 1 1 1 0.90087 
0.07604909 0.07604909 1 1 1 0.8505861 
0.08284235 0.08284235 1 1 1 0.9032604 
0.04155549 0.04155549 1 1 1 0.9575393 
0.06786143 0.06786143 1 1 1 0.9375602 
0.06857453 0.06857453 1 1 1 0.9706826 
0.07144392 0.07144392 1 1 1 1 
0.0635362 0.0635362 1 1 1 0.8527511 
0.05097074 0.05097074 1 1 1 0.7986597 
0.06660987 0.06660987 1 1 1 0.8767906 
0.07133497 0.07133497 1 1 1 0.9311837 
0.06647751 0.06647751 1 1 1 0.8025092 
0.2891837 0.2891837 1 1 1 0.9517451 
0.07517694 0.07517694 1 1 1 0.9060748 
0.05305938 0.05305938 1 1 1 0.9550659 
0.06255819 0.06255819 1 1 1 0.8622991 
0.06802636 0.06802636 1 1 1 1.022576 
0.07385912 0.07385912 1 1 1 0.9655145 
0.06008315 0.06008315 1 1 1 0.9616919 
0.0625041 0.0625041 1 1 1 0.9522458 
0.0634907 0.0634907 1 1 1 0.790652 
0.06631107 0.06631107 1 1 1 0.8174821 
0.0705152 0.0705152 1 1 1 1 
0.07019168 0.07019168 1 1 1 0.903336 
0.06677961 0.06677961 1 1 1 0.9608271 
0.07254468 0.07254468 1 1 1 1.038365 
