0.776932 1.046754 
0.8544912 1.058075 
0.793478 1.061825 
0.8414752 1.085633 
0.9661832 1.226308 
0.9203784 1.198757 
0.9228547 1.11644 
0.9429448 1.224553 
0.881958 1.159239 
0.9564409 1.217878 
0.8597162 1.126173 
0.9769466 1.242059 
0.9297233 1.208586 
0.9100413 1.092541 
0.9770329 1.23421 
0.9792297 1.208008 
0.6459048 0.936074 
0.5873086 0.8819056 
0.6009302 0.863204 
0.6127567 0.8821492 
0.5940738 0.8847623 
0.5988195 0.8992529 
0.6236236 0.9286294 
0.4599724 0.7499545 
0.5567942 0.7899692 
0.5326059 0.7360492 
0.492691 0.6884558 
0.4367013 0.6369424 
0.5145855 0.6861746 
0.5874655 0.8490653 
0.6304286 0.8981638 
0.5058169 0.7410946 
0.5588727 0.8632624 
0.6168389 0.9240379 
0.6004469 0.8773463 
0.6706648 0.9766252 
0.6662726 0.9636793 
0.6277301 0.9115272 
0.6476512 0.9426734 
0.5870039 0.8609602 
0.40625 0.6718233 
0.2962978 0.5245719 
0.5322499 0.7446291 
0.6358929 0.8398042 
0.6106012 1.08821 
0.4835086 0.657805 
0.6366227 0.9200337 
0.5570478 0.8724465 
0.6356685 0.9198344 
0.6330965 0.9066367 
0.6692464 0.9992459 
0.6497953 0.9703424 
0.6105216 0.9667621 
0.4100986 0.7676332 
0.5230689 0.7811546 
0.3616972 0.5628743 
0.6295435 0.9358573 
0.5462799 0.8684213 
0.6552813 0.9514897 
0.6600654 0.9434743 
0.3469875 0.6698887 
0.6365285 0.8514254 
0.6083884 0.8315659 
0.618762 0.9069824 
0.5574043 0.8572104 
0.6569633 0.99611 
0.3649669 0.5539682 
0.6668475 0.9984109 
0.6675508 0.9777763 
0.6662879 0.9889057 
0.4166713 0.6262312 
0.9622509 1.302179 
0.4161613 0.6196742 
0.5771048 1.104226 
0.6060088 0.9059107 
0.6021111 0.8047779 
0.6054659 0.9080448 
0.6283329 0.9395418 
0.6248729 0.9438136 
0.5979517 0.8909371 
0.8747725 1.169441 
0.564209 1.099474 
0.3235352 0.4778509 
0.6461344 0.8289557 
0.6643438 1.239422 
0.6360879 0.9611797 
0.4734104 0.6289647 
0.5743999 0.9940042 
0.3503635 0.7060828 
0.680593 0.9921234 
0.2653615 0.4196324 
0.3546135 0.6950979 
0.5328181 0.8963559 
0.3346319 0.5159962 
0.4083691 0.5549331 
0.33729 0.6487131 
0.2193584 0.3385949 
0.2199988 0.3376529 
0.2292399 0.3464479 
0.201941 0.4278612 
