0.01569948 0.01569948 
0.0182529 0.0182529 
0.01679462 0.01679462 
0.01717453 0.01717453 
0.01538267 0.01538267 
0.01561895 0.01561895 
0.01697101 0.01697101 
0.0161555 0.0161555 
0.01505828 0.01505828 
0.01726682 0.01726682 
0.01411781 0.01411781 
0.01871676 0.01871676 
0.01746207 0.01746207 
0.01944803 0.01944803 
0.01585188 0.01585188 
0.01728824 0.01728824 
0.01524423 0.01524423 
0.0131042 0.0131042 
0.01912002 0.01912002 
0.01637412 0.01637412 
0.01966959 0.01966959 
0.01521813 0.01521813 
0.01704205 0.01704205 
0.01730624 0.01730624 
0.0160311 0.0160311 
0.01833326 0.01833326 
0.02018297 0.02018297 
0.0178369 0.0178369 
0.02033808 0.02033808 
0.0158006 0.0158006 
0.01792923 0.01792923 
0.01816825 0.01816825 
0.01595644 0.01595644 
0.01770694 0.01770694 
0.0177036 0.0177036 
0.01595987 0.01595987 
0.01840443 0.01840443 
0.01413809 0.01413809 
0.01665221 0.01665221 
0.02823149 0.02823149 
0.01686606 0.01686606 
0.02235536 0.02235536 
0.02081731 0.02081731 
0.01500786 0.01500786 
0.01699277 0.01699277 
0.02101668 0.02101668 
0.01696191 0.01696191 
0.01685933 0.01685933 
0.01749413 0.01749413 
0.01545121 0.01545121 
0.01951888 0.01951888 
0.01742745 0.01742745 
0.02068646 0.02068646 
0.01518324 0.01518324 
0.01390211 0.01390211 
0.01487338 0.01487338 
0.01675567 0.01675567 
0.01584979 0.01584979 
0.01965815 0.01965815 
0.01406287 0.01406287 
0.0143026 0.0143026 
0.01767067 0.01767067 
0.01862474 0.01862474 
0.01895158 0.01895158 
0.02975625 0.02975625 
0.02262797 0.02262797 
0.01897445 0.01897445 
0.0152316 0.0152316 
0.01290304 0.01290304 
0.01661807 0.01661807 
0.01393745 0.01393745 
0.01614689 0.01614689 
0.01645718 0.01645718 
0.01907099 0.01907099 
0.01714538 0.01714538 
0.02321644 0.02321644 
0.02306661 0.02306661 
0.01374668 0.01374668 
0.01817679 0.01817679 
0.0190537 0.0190537 
0.01784063 0.01784063 
0.01650389 0.01650389 
0.01744077 0.01744077 
0.01512255 0.01512255 
0.01565249 0.01565249 
0.01634022 0.01634022 
0.01783511 0.01783511 
0.01837551 0.01837551 
0.01940609 0.01940609 
0.01673451 0.01673451 
0.01674075 0.01674075 
0.01770709 0.01770709 
0.01601584 0.01601584 
0.01542828 0.01542828 
0.01744765 0.01744765 
0.01724895 0.01724895 
0.01998768 0.01998768 
0.01733118 0.01733118 
0.01868314 0.01868314 
0.01858987 0.01858987 
