0.04290608 0.0416692 
0.04199626 0.03996006 
0.03984554 0.03771982 
0.04053064 0.03956191 
0.03965039 0.03763972 
0.04311063 0.04157359 
0.03932502 0.03668318 
0.04564522 0.04250247 
0.04317983 0.04016673 
0.04362632 0.04185859 
0.03810609 0.03640566 
0.04310489 0.0423543 
0.04075244 0.03840578 
0.04123253 0.03857764 
0.04263119 0.04122524 
0.03941185 0.03768295 
0.03778298 0.03572323 
0.03855833 0.03643241 
0.04175424 0.03993271 
0.04049382 0.03914934 
0.1006635 0.09775515 
0.04266825 0.04097927 
0.03930155 0.03830974 
0.04194124 0.03990427 
0.04012289 0.03897973 
0.04148798 0.03893223 
0.03643134 0.03409897 
0.04729812 0.04584587 
0.1006274 0.09638262 
0.03948341 0.03789389 
0.04037915 0.03804719 
0.03866027 0.03546728 
0.03699199 0.03625122 
0.04150868 0.03941586 
0.0355322 0.0342886 
0.1071632 0.1043831 
0.03983019 0.03786945 
0.07287122 0.06916582 
0.04295755 0.04056756 
0.04004734 0.03856404 
0.03835313 0.0371135 
0.0400929 0.03875355 
0.04119507 0.03873857 
0.03850517 0.03650819 
0.03732436 0.03621692 
0.03663205 0.0352949 
0.04419252 0.04220298 
0.03675836 0.03509887 
0.0426781 0.04087275 
0.03564582 0.03464024 
0.04103999 0.03934961 
0.04966579 0.04726056 
0.04279334 0.04029569 
0.04265474 0.04188121 
0.041926 0.04029591 
0.04151553 0.04013057 
0.04026388 0.03860839 
0.03925874 0.03716151 
0.04069624 0.03847566 
0.04317492 0.04194568 
0.03941248 0.03743112 
0.04290125 0.0415805 
0.03979306 0.03821877 
0.04041296 0.03912782 
0.04044276 0.03949417 
0.03998836 0.03793589 
0.04178366 0.04056148 
0.03949797 0.03731793 
0.03736289 0.03607776 
0.04055207 0.03815588 
0.03515409 0.03466322 
0.04068827 0.03893248 
0.03691507 0.03491363 
0.04146858 0.03860026 
0.04243962 0.04069894 
0.04048842 0.03896154 
0.040004 0.038119 
0.03800058 0.03531527 
0.03799416 0.03621065 
0.04076962 0.03831072 
0.04470321 0.04241091 
0.03642572 0.03414198 
0.04016075 0.03718661 
0.0381635 0.03677408 
0.03428549 0.03280565 
0.04207324 0.03980769 
0.04743893 0.04375913 
0.04667889 0.04446331 
0.04681736 0.04415008 
0.04038217 0.03804187 
0.04312931 0.0405423 
0.1065428 0.1005184 
0.03704772 0.03620739 
0.04021164 0.03772944 
0.04456698 0.04296531 
0.03792186 0.03620239 
0.0421659 0.04034665 
0.04270495 0.04145063 
0.04320547 0.04109408 
0.04485301 0.04353451 
