0.1601115 0.1550305 
0.1595034 0.1598798 
0.1652273 0.1630732 
0.1627945 0.1650359 
0.1644773 0.1610672 
0.162997 0.1556635 
0.1585716 0.1585423 
0.1630544 0.1644524 
0.1581848 0.1570208 
0.1580371 0.1554342 
0.1619729 0.1568664 
0.1636611 0.1617222 
0.1687379 0.1641496 
0.1586489 0.1601054 
0.1586035 0.1573358 
0.1646805 0.1614779 
0.1589778 0.1577709 
0.1612761 0.1576616 
0.1632218 0.1618011 
0.1714164 0.1648172 
0.1651298 0.1597614 
0.1583297 0.1580889 
0.1698286 0.163801 
0.1634113 0.1605753 
0.1645954 0.1656001 
0.1534579 0.1539588 
0.1656016 0.1612191 
0.1641637 0.166112 
0.163273 0.1596019 
0.1599888 0.1618507 
0.1577137 0.1540494 
0.1636051 0.1609956 
0.1649546 0.1613106 
0.1608592 0.1606347 
0.1623942 0.1609066 
0.1595574 0.1576018 
0.1600111 0.1600944 
0.1684995 0.1603076 
0.1670359 0.1621262 
0.1595065 0.1593721 
0.1676964 0.1674926 
0.1647216 0.1655042 
0.1631362 0.1577444 
0.1633627 0.163601 
0.1580235 0.1553339 
0.1625961 0.1566561 
0.1591298 0.1580533 
0.1657802 0.1601898 
0.1574105 0.1550771 
0.1614624 0.1579017 
0.1622613 0.1576511 
0.157654 0.1581285 
0.159417 0.159823 
0.1592822 0.1592388 
0.1634715 0.1609909 
0.1674219 0.1592383 
0.1655809 0.1611407 
0.1641438 0.1553103 
0.1616098 0.1567986 
0.1683611 0.1597059 
0.163653 0.1604763 
0.1726182 0.1611665 
0.1593304 0.1560201 
0.1678514 0.1643961 
0.1588166 0.1566024 
0.1758439 0.1683046 
0.1661889 0.1599492 
0.1632823 0.1633196 
0.1617039 0.1611412 
0.1656303 0.1643943 
0.1679984 0.1599794 
0.1718101 0.1616966 
0.1656739 0.1586915 
0.1602988 0.1629228 
0.1591091 0.1604777 
0.1638166 0.1586485 
0.1587663 0.1573271 
0.1649617 0.1588192 
0.1685982 0.1592549 
0.1573667 0.1571722 
0.1572363 0.1562201 
0.1613948 0.160402 
0.169638 0.1654219 
0.181267 0.1666256 
0.1643066 0.1597791 
0.1634848 0.1651287 
0.1646088 0.162404 
0.157737 0.1598253 
0.1594415 0.1556445 
0.1619236 0.1632531 
0.1680598 0.1581669 
0.1585785 0.1568673 
0.1649879 0.1601764 
0.1608554 0.1552567 
0.155619 0.1593183 
0.1629326 0.1594213 
0.1604221 0.1590518 
0.1583631 0.1591467 
0.1596009 0.1580009 
0.1605545 0.16009 
