0.04517677 0.04425109 
0.04241936 0.04158526 
0.04921687 0.04630458 
0.050543 0.04970796 
0.04340244 0.04168215 
0.04414136 0.04329869 
0.03760713 0.03569354 
0.04785139 0.04693812 
0.04547646 0.04410005 
0.03991235 0.03839128 
0.05687594 0.05359417 
0.0363949 0.03575603 
0.04097877 0.0368072 
0.04339939 0.04252465 
0.0368883 0.0365542 
0.03703726 0.03684937 
0.04036308 0.03912952 
0.03511748 0.03481816 
0.03464779 0.033445 
0.03585039 0.03427797 
0.04047808 0.03866531 
0.03469159 0.03337645 
0.03768143 0.03745321 
0.03707268 0.03686433 
0.06169202 0.05450091 
0.0439101 0.04310044 
0.05544872 0.05171463 
0.0426896 0.04179983 
0.04482108 0.04064711 
0.04399303 0.04317308 
0.04179168 0.03880142 
0.04920259 0.04772963 
0.04499585 0.04297528 
0.04974553 0.04885081 
0.03932455 0.03349243 
0.04477996 0.04322009 
0.04251613 0.04200519 
0.0429976 0.04246994 
0.04400666 0.04222622 
0.04121846 0.0385046 
0.03564574 0.03542139 
0.05134879 0.04794521 
0.0410226 0.04042002 
0.04154825 0.03986699 
0.04271388 0.04254482 
0.03691601 0.03573126 
0.04589773 0.04506465 
0.03938836 0.03697161 
0.03561718 0.0337161 
0.0385962 0.03725857 
0.04206174 0.03725111 
0.03761879 0.0356095 
0.03772717 0.0362518 
0.04385336 0.03947336 
0.04371319 0.04162492 
0.03958504 0.03909772 
0.04735265 0.04601044 
0.03763817 0.03532885 
0.04209985 0.04044938 
0.0373375 0.03477055 
0.04528612 0.04464023 
0.05005523 0.04819004 
0.04764418 0.04625822 
0.04744658 0.04658721 
0.04187252 0.04044345 
0.03857964 0.03633204 
0.04976024 0.04013885 
0.032838 0.03233571 
0.05205493 0.05003142 
0.03243991 0.03146376 
0.03974707 0.03719187 
0.04312358 0.0424114 
0.03959693 0.03913001 
0.04236553 0.03926846 
0.03658444 0.03498739 
0.04250302 0.03826597 
0.04085153 0.03841473 
0.04362344 0.04251431 
0.0378727 0.03609022 
0.04914079 0.04908174 
0.04649336 0.04460874 
0.04003237 0.03875396 
0.04614207 0.04382876 
0.03613065 0.03467574 
0.04878223 0.04791302 
0.05109872 0.04974214 
0.03594013 0.03458854 
0.04623746 0.04349195 
0.04114874 0.03772345 
0.05293289 0.05184426 
0.0562675 0.05003205 
0.04574886 0.04305006 
0.04858646 0.04724643 
0.03815209 0.03684416 
0.0404437 0.03842504 
0.04208252 0.04165215 
0.0481096 0.04522124 
0.04893389 0.04739748 
0.03801011 0.03535234 
0.03746899 0.03679729 
