0.03730347 0.03291861 
0.03752374 0.0361923 
0.04571007 0.04513198 
0.03623925 0.03466042 
0.03792757 0.03705303 
0.04107163 0.03967668 
0.03615712 0.03264037 
0.03575117 0.03292424 
0.0460072 0.0437501 
0.04308311 0.03917778 
0.04830825 0.03938185 
0.03790253 0.0363553 
0.03881785 0.03835768 
0.03642737 0.0362776 
0.03335845 0.03027559 
0.04161827 0.03710944 
0.03822823 0.03458469 
0.03841929 0.03648473 
0.06639393 0.06045533 
0.04219788 0.04051675 
0.04270819 0.03736034 
0.04225557 0.04225034 
0.04301159 0.0421588 
0.04662424 0.04236961 
0.04396915 0.04118083 
0.04553102 0.04382772 
0.04273668 0.04215555 
0.03990466 0.03798382 
0.04452559 0.04540489 
0.04357891 0.03674443 
0.04694735 0.04486857 
0.04314671 0.0404604 
0.03934924 0.03567438 
0.04160932 0.04046335 
0.04097503 0.03812674 
0.04104276 0.03548647 
0.04454231 0.04738683 
0.04530935 0.04236538 
0.0382329 0.03691533 
0.04109693 0.03779669 
0.03863695 0.03585332 
0.03610765 0.03470441 
0.04549965 0.0434494 
0.04831775 0.04530488 
0.04864894 0.04760619 
0.04986291 0.04706368 
0.03929034 0.03756718 
0.03904373 0.03647779 
0.03837536 0.03648198 
0.03839254 0.0377543 
0.05932888 0.05079998 
0.03867771 0.03374358 
0.05522418 0.05160383 
0.04141714 0.03953542 
0.03482829 0.03258741 
0.05323434 0.04943165 
0.04208789 0.04043138 
0.04104403 0.03813704 
0.03672494 0.03480674 
0.04202447 0.03571346 
0.04185351 0.03961785 
0.0423524 0.04207385 
0.04725813 0.04540358 
0.04154213 0.03851664 
0.06352567 0.04699652 
0.0392775 0.04282407 
0.03643253 0.033426 
0.03463352 0.03492095 
0.05234935 0.04453626 
0.04394032 0.04122646 
0.0494056 0.04532873 
0.04663921 0.04494909 
0.03734019 0.03562849 
0.05006884 0.04400108 
0.05553014 0.05115765 
0.04092502 0.03950202 
0.03656205 0.03368685 
0.04861879 0.0439505 
0.04217212 0.03962553 
0.03705257 0.03429836 
0.04811711 0.04191861 
0.03796268 0.03639442 
0.04497785 0.04052388 
0.04345143 0.04192038 
0.03502108 0.03484495 
0.05028152 0.0478984 
0.03771159 0.03639867 
0.04273013 0.04352292 
0.05125984 0.04832012 
0.03580476 0.03397338 
0.04457009 0.0443823 
0.04494689 0.03884848 
0.0333795 0.03113436 
0.0407364 0.03883673 
0.03909868 0.03765224 
0.03699922 0.03492586 
0.04083783 0.04062152 
0.03840248 0.03395568 
0.04019069 0.03899892 
0.0415909 0.03880933 
