0.03202344 0.02574386 
0.03474432 0.02750031 
0.0349749 0.02722723 
0.031942 0.02661624 
0.0329739 0.02764226 
0.03016961 0.0239652 
0.03324924 0.02663771 
0.03152555 0.02731413 
0.03197305 0.02620734 
0.03298408 0.02739483 
0.03421093 0.02588184 
0.03118696 0.02430393 
0.03445746 0.02828627 
0.03437229 0.02834849 
0.03303618 0.02522408 
0.03251555 0.02546432 
0.03096104 0.02525289 
0.03457855 0.02734225 
0.03538592 0.02725602 
0.03344989 0.02634608 
0.03316025 0.02747364 
0.03116569 0.02664062 
0.03255598 0.02655169 
0.03205507 0.02492107 
0.0300487 0.02372966 
0.03544213 0.03013361 
0.03164497 0.02606575 
0.03209752 0.02687359 
0.03069193 0.02595926 
0.03091469 0.02469494 
0.03512735 0.02760706 
0.03407866 0.02550271 
0.03127841 0.02482342 
0.03333021 0.02484848 
0.03094278 0.02538472 
0.03116501 0.02382776 
0.03298632 0.0253771 
0.03611462 0.03100786 
0.03234916 0.02623466 
0.03203593 0.02571025 
0.03253221 0.02563763 
0.03184802 0.02574809 
0.03323757 0.02728989 
0.03372688 0.03090227 
0.03286117 0.02688749 
0.03602639 0.02695185 
0.03249839 0.02801635 
0.03266177 0.02633482 
0.03345976 0.02853602 
0.03226353 0.02714239 
0.03295034 0.02743685 
0.03309607 0.02443542 
0.03252535 0.02675341 
0.03078128 0.02485355 
0.03282976 0.02664974 
0.03186419 0.02529596 
0.03340363 0.02835024 
0.03174313 0.0249535 
0.03324344 0.02678487 
0.03393972 0.02610374 
0.03298141 0.03011519 
0.03163784 0.02416186 
0.03229955 0.02655615 
0.03329059 0.02680612 
0.03184675 0.02464529 
0.03254463 0.02630913 
0.03186229 0.02703876 
0.03344272 0.02545128 
0.03162342 0.02612059 
0.03507292 0.02714345 
0.03116 0.02627964 
0.03225182 0.02526094 
0.03209119 0.02602798 
0.03259774 0.02368139 
0.03163626 0.02677024 
0.0328981 0.02706017 
0.03693956 0.02951485 
0.03055584 0.02395623 
0.03222208 0.02602659 
0.03365851 0.02758824 
0.03353629 0.02658303 
0.03234458 0.02677349 
0.03236862 0.02459555 
0.0332842 0.026923 
0.03132293 0.02429119 
0.03211364 0.02598065 
0.03322602 0.0260632 
0.03349863 0.02737527 
0.03324422 0.02528623 
0.03230541 0.02381383 
0.0321605 0.02681543 
0.03159209 0.02714022 
0.03232575 0.02533631 
0.03206901 0.02722107 
0.0318877 0.02504082 
0.03379336 0.02660545 
0.04149668 0.02844156 
0.03469559 0.02845977 
0.03347004 0.02641983 
0.03293804 0.02606359 
