0.03360018 0.02632701 
0.03177761 0.02934679 
0.03141602 0.02674791 
0.0327302 0.02932996 
0.03391356 0.03006427 
0.03028616 0.02619711 
0.02971025 0.02444684 
0.03447664 0.02874084 
0.03104925 0.02662773 
0.03235257 0.02817578 
0.03473288 0.03035755 
0.03148523 0.02732788 
0.03319632 0.02776004 
0.03313843 0.02751845 
0.03160669 0.02766729 
0.03060647 0.02720467 
0.03129906 0.02863503 
0.03100969 0.028484 
0.03120851 0.02558964 
0.03250704 0.02757027 
0.03221259 0.02836973 
0.0335843 0.02949155 
0.03313582 0.029404 
0.03233933 0.02835372 
0.03397536 0.02755001 
0.03102152 0.02565193 
0.03235412 0.02740372 
0.03239221 0.02815017 
0.0319162 0.02840195 
0.03211942 0.0291936 
0.03288635 0.02968047 
0.0325095 0.02902722 
0.03297955 0.02922361 
0.032389 0.02979438 
0.0328978 0.02809968 
0.02969239 0.02529 
0.03266171 0.02818258 
0.03382959 0.02786322 
0.03199799 0.02753831 
0.03161007 0.02838869 
0.03186144 0.02956598 
0.03075305 0.02837298 
0.03335358 0.02978903 
0.03354841 0.02968803 
0.03122146 0.02765089 
0.03161011 0.0288802 
0.0333283 0.0291492 
0.03182084 0.02826743 
0.0308881 0.02880718 
0.03278666 0.02687001 
0.03101804 0.02886878 
0.03247361 0.02635645 
0.03301037 0.02924671 
0.03506006 0.02971194 
0.0315401 0.02745628 
0.03239723 0.02910194 
0.03083087 0.02858449 
0.03120138 0.02588727 
0.03197611 0.02619638 
0.03261775 0.02795592 
0.03423914 0.02722061 
0.03525491 0.03059511 
0.0319265 0.02555769 
0.0304807 0.027759 
0.0321805 0.02951174 
0.03145102 0.02649194 
0.03098789 0.02729534 
0.03177271 0.02734488 
0.03403305 0.02843004 
0.03280422 0.02990227 
0.03300503 0.02845299 
0.03724764 0.02959727 
0.03178716 0.02761746 
0.03420186 0.0291422 
0.03184477 0.02925897 
0.03358785 0.02900774 
0.03193994 0.02911775 
0.03260881 0.02896885 
0.03035464 0.02626812 
0.0322235 0.02929704 
0.03195705 0.02805265 
0.03253106 0.03119215 
0.03185728 0.02910537 
0.0311168 0.02669281 
0.03072097 0.02814462 
0.03404822 0.02854306 
0.03377951 0.02892511 
0.03365466 0.02858606 
0.03194566 0.02977648 
0.03175422 0.02782959 
0.03635227 0.03180881 
0.03129207 0.02656267 
0.03175466 0.02863618 
0.03191344 0.02783625 
0.03149017 0.02836392 
0.08745464 0.04445286 
0.03225141 0.02770117 
0.03286233 0.02795054 
0.0315607 0.02960478 
0.03142802 0.02866129 
