0.07054633 0.07054633 
0.08193811 0.08193811 
0.08098896 0.08098896 
0.3797791 0.3797791 
0.0711099 0.0711099 
0.07780284 0.07780284 
0.07770298 0.07770298 
0.07194875 0.07194875 
0.07210602 0.07210602 
0.07888445 0.07888445 
0.07805002 0.07805002 
0.07758908 0.07758908 
0.08513672 0.08513672 
0.08539603 0.08539603 
0.09733242 0.09733242 
0.09628615 0.09628615 
0.08791018 0.08791018 
0.08620722 0.08620722 
0.08110704 0.08110704 
0.06120434 0.06120434 
0.07931558 0.07931558 
0.08989155 0.08989155 
0.07784796 0.07784796 
0.07129841 0.07129841 
0.08621601 0.08621601 
0.08710419 0.08710419 
0.0858721 0.0858721 
0.08908571 0.08908571 
0.08131981 0.08131981 
0.08443472 0.08443472 
0.08354363 0.08354363 
0.0777877 0.0777877 
0.08231874 0.08231874 
0.08366544 0.08366544 
0.06488501 0.06488501 
0.07605213 0.07605213 
0.07271988 0.07271988 
0.08340956 0.08340956 
0.08229849 0.08229849 
0.08516821 0.08516821 
0.05100757 0.05100757 
0.0820127 0.0820127 
0.08333077 0.08333077 
0.08945127 0.08945127 
0.08206591 0.08206591 
0.08287535 0.08287535 
0.08654259 0.08654259 
0.08727048 0.08727048 
0.09721888 0.09721888 
0.05315546 0.05315546 
0.08892639 0.08892639 
0.07590721 0.07590721 
0.09100504 0.09100504 
0.08029546 0.08029546 
0.07672344 0.07672344 
0.1215563 0.1215563 
0.08319901 0.08319901 
0.07954803 0.07954803 
0.07504424 0.07504424 
0.08091137 0.08091137 
0.3942477 0.3942477 
0.0824007 0.0824007 
0.08201482 0.08201482 
0.08615379 0.08615379 
0.08559225 0.08559225 
0.08093378 0.08093378 
0.08692351 0.08692351 
0.07706067 0.07706067 
0.07748946 0.07748946 
0.09428312 0.09428312 
0.08529871 0.08529871 
0.08889325 0.08889325 
0.08115794 0.08115794 
0.07946209 0.07946209 
0.08495234 0.08495234 
0.08899866 0.08899866 
0.05578414 0.05578414 
0.08650949 0.08650949 
0.05699982 0.05699982 
0.08620027 0.08620027 
0.07940511 0.07940511 
0.07870029 0.07870029 
0.08804246 0.08804246 
0.08042509 0.08042509 
0.08104065 0.08104065 
0.08175577 0.08175577 
0.07611741 0.07611741 
0.0659289 0.0659289 
0.09055248 0.09055248 
0.07788942 0.07788942 
0.09085082 0.09085082 
0.08094438 0.08094438 
0.07479328 0.07479328 
0.077266 0.077266 
0.06347354 0.06347354 
0.07845021 0.07845021 
0.09398851 0.09398851 
0.07665086 0.07665086 
0.1534195 0.1534195 
0.08459828 0.08459828 
