0.08775265 0.08775265 
0.07990046 0.07990046 
0.09235029 0.09235029 
0.08039099 0.08039099 
0.07860015 0.07860015 
0.08373509 0.08373509 
0.07936478 0.07936478 
0.08902375 0.08902375 
0.09583922 0.09583922 
0.07692999 0.07692999 
0.08879467 0.08879467 
0.06520577 0.06520577 
0.07916142 0.07916142 
0.08511971 0.08511971 
0.08334794 0.08334794 
0.08572435 0.08572435 
0.07944701 0.07944701 
0.08520063 0.08520063 
0.07939737 0.07939737 
0.08190436 0.08190436 
0.08119785 0.08119785 
0.08480255 0.08480255 
0.08464033 0.08464033 
0.0726793 0.0726793 
0.418233 0.418233 
0.08485464 0.08485464 
0.09756659 0.09756659 
0.08893368 0.08893368 
0.083144 0.083144 
0.07313182 0.07313182 
0.08017727 0.08017727 
0.08045022 0.08045022 
0.08050673 0.08050673 
0.05389821 0.05389821 
0.08578497 0.08578497 
0.07539544 0.07539544 
0.07915083 0.07915083 
0.07755911 0.07755911 
0.08077417 0.08077417 
0.08213818 0.08213818 
0.08454395 0.08454395 
0.08977447 0.08977447 
0.08571303 0.08571303 
0.09342835 0.09342835 
0.08932557 0.08932557 
0.06533743 0.06533743 
0.09385146 0.09385146 
0.07824761 0.07824761 
0.08345314 0.08345314 
0.08672376 0.08672376 
0.3054944 0.3054944 
0.0790751 0.0790751 
0.07534905 0.07534905 
0.08128836 0.08128836 
0.0752266 0.0752266 
0.08027897 0.08027897 
0.09171948 0.09171948 
0.08613882 0.08613882 
0.07279759 0.07279759 
0.08495254 0.08495254 
0.0640115 0.0640115 
0.08813487 0.08813487 
0.09029594 0.09029594 
0.07527973 0.07527973 
0.07682432 0.07682432 
0.08244221 0.08244221 
0.3217975 0.3217975 
0.08058474 0.08058474 
0.09622398 0.09622398 
0.0689142 0.0689142 
0.07676696 0.07676696 
0.05095983 0.05095983 
0.0799432 0.0799432 
0.0802772 0.0802772 
0.07727796 0.07727796 
0.0837413 0.0837413 
0.08459765 0.08459765 
0.08097748 0.08097748 
0.08861279 0.08861279 
0.09204598 0.09204598 
0.08875657 0.08875657 
0.08059117 0.08059117 
0.05694916 0.05694916 
0.07762122 0.07762122 
0.08036268 0.08036268 
0.08257388 0.08257388 
0.08616044 0.08616044 
0.08313994 0.08313994 
0.08859538 0.08859538 
0.09812762 0.09812762 
0.3607057 0.3607057 
0.08363111 0.08363111 
0.08553039 0.08553039 
0.08470351 0.08470351 
0.08348756 0.08348756 
0.08830057 0.08830057 
0.08186437 0.08186437 
0.08857171 0.08857171 
0.07516922 0.07516922 
0.08001053 0.08001053 
