0.08264631 0.08264631 
0.08140407 0.08140407 
0.07304365 0.07304365 
0.0695237 0.0695237 
0.08008978 0.08008978 
0.07383514 0.07383514 
0.07154278 0.07154278 
0.06595953 0.06595953 
0.08207007 0.08207007 
0.07237074 0.07237074 
0.08837829 0.08837829 
0.07133424 0.07133424 
0.07911826 0.07911826 
0.07323983 0.07323983 
0.06713008 0.06713008 
0.08069456 0.08069456 
0.070712 0.070712 
0.07347154 0.07347154 
0.06628302 0.06628302 
0.0732573 0.0732573 
0.06709641 0.06709641 
0.06754717 0.06754717 
0.05114943 0.05114943 
0.06480917 0.06480917 
0.06815107 0.06815107 
0.05390343 0.05390343 
0.07859988 0.07859988 
0.07111144 0.07111144 
0.07624465 0.07624465 
0.07426051 0.07426051 
0.07283972 0.07283972 
0.05944015 0.05944015 
0.07280313 0.07280313 
0.07066887 0.07066887 
0.0416132 0.0416132 
0.075971 0.075971 
0.06530454 0.06530454 
0.06698976 0.06698976 
0.06056683 0.06056683 
0.07377213 0.07377213 
0.07405039 0.07405039 
0.07570872 0.07570872 
0.08014151 0.08014151 
0.07672146 0.07672146 
0.08329406 0.08329406 
0.06775994 0.06775994 
0.07832558 0.07832558 
0.07071255 0.07071255 
0.0734264 0.0734264 
0.06050789 0.06050789 
0.06829917 0.06829917 
0.08190336 0.08190336 
0.07284156 0.07284156 
0.06804897 0.06804897 
0.06627605 0.06627605 
0.0714587 0.0714587 
0.07304072 0.07304072 
0.07403257 0.07403257 
0.07109882 0.07109882 
0.07373761 0.07373761 
0.06543282 0.06543282 
0.0724024 0.0724024 
0.07480034 0.07480034 
0.083705 0.083705 
0.07942055 0.07942055 
0.07031693 0.07031693 
0.07001253 0.07001253 
0.05887951 0.05887951 
0.06676905 0.06676905 
0.07532878 0.07532878 
0.07904642 0.07904642 
0.0714444 0.0714444 
0.07610383 0.07610383 
0.06509685 0.06509685 
0.06915354 0.06915354 
0.078756 0.078756 
0.07449824 0.07449824 
0.07487034 0.07487034 
0.06869532 0.06869532 
0.07382098 0.07382098 
0.06679795 0.06679795 
0.06786148 0.06786148 
0.06572508 0.06572508 
0.06061851 0.06061851 
0.07279711 0.07279711 
0.06380239 0.06380239 
0.08130844 0.08130844 
0.0729384 0.0729384 
0.07999185 0.07999185 
0.07961085 0.07961085 
0.0665562 0.0665562 
0.07050509 0.07050509 
0.06943612 0.06943612 
0.079806 0.079806 
0.06500857 0.06500857 
0.08046393 0.08046393 
0.07628529 0.07628529 
0.08495828 0.08495828 
0.07917883 0.07917883 
0.05901666 0.05901666 
