0.03937975 0.03937975 
0.03923833 0.03923833 
0.04081289 0.04081289 
0.04365306 0.04365306 
0.03915528 0.03915528 
0.04497064 0.04497064 
0.03980529 0.03980529 
0.04246543 0.04246543 
0.03768414 0.03768414 
0.04633886 0.04633886 
0.04104078 0.04104078 
0.03976426 0.03976426 
0.04277261 0.04277261 
0.04983836 0.04983836 
0.0469638 0.0469638 
0.04164333 0.04164333 
0.04122744 0.04122744 
0.03959885 0.03959885 
0.04064846 0.04064846 
0.03689172 0.03689172 
0.04125096 0.04125096 
0.04425608 0.04425608 
0.04156001 0.04156001 
0.04281666 0.04281666 
0.03812465 0.03812465 
0.03883342 0.03883342 
0.03939413 0.03939413 
0.04482207 0.04482207 
0.04185607 0.04185607 
0.04336338 0.04336338 
0.03829758 0.03829758 
0.04793835 0.04793835 
0.04176233 0.04176233 
0.03697321 0.03697321 
0.04552635 0.04552635 
0.04249855 0.04249855 
0.04080977 0.04080977 
0.04148654 0.04148654 
0.04414747 0.04414747 
0.0417492 0.0417492 
0.04586873 0.04586873 
0.04394466 0.04394466 
0.03896706 0.03896706 
0.03882215 0.03882215 
0.0399495 0.0399495 
0.03816719 0.03816719 
0.04265558 0.04265558 
0.04169229 0.04169229 
0.04419167 0.04419167 
0.04436594 0.04436594 
0.04099474 0.04099474 
0.04189733 0.04189733 
0.03723471 0.03723471 
0.04261884 0.04261884 
0.03736024 0.03736024 
0.1678534 0.1678534 
0.04119667 0.04119667 
0.04279396 0.04279396 
0.03631535 0.03631535 
0.04112388 0.04112388 
0.04415475 0.04415475 
0.04772816 0.04772816 
0.04097244 0.04097244 
0.03959026 0.03959026 
0.04162627 0.04162627 
0.04178627 0.04178627 
0.04099289 0.04099289 
0.03820712 0.03820712 
0.04319242 0.04319242 
0.04467105 0.04467105 
0.03965085 0.03965085 
0.04299014 0.04299014 
0.03713367 0.03713367 
0.04310892 0.04310892 
0.03797008 0.03797008 
0.04131843 0.04131843 
0.04347881 0.04347881 
0.03758964 0.03758964 
0.04417652 0.04417652 
0.04466464 0.04466464 
0.04342538 0.04342538 
0.04296289 0.04296289 
0.04785587 0.04785587 
0.03585465 0.03585465 
0.04273332 0.04273332 
0.05096767 0.05096767 
0.03691299 0.03691299 
0.04473198 0.04473198 
0.04203403 0.04203403 
0.04054953 0.04054953 
0.03807567 0.03807567 
0.04242013 0.04242013 
0.03526262 0.03526262 
0.03645817 0.03645817 
0.03569842 0.03569842 
0.04151048 0.04151048 
0.04432983 0.04432983 
0.03869372 0.03869372 
0.03817881 0.03817881 
0.04401885 0.04401885 
