0.9794965 1.285093 18.52336 16.66826 26.95186 15.58307 
0.9868674 1.274114 18.78202 16.91226 28.31342 15.39096 
0.9077921 1.195883 17.94478 16.8273 35.02769 16.10755 
0.9318645 1.209545 18.0575 17.60627 27.57435 15.58999 
0.9931631 1.306946 18.43866 17.50843 27.50949 16.01716 
0.9628658 1.275383 18.11571 16.73923 26.81364 16.91055 
0.982218 1.286167 18.23781 17.13096 34.6916 16.50507 
0.8798079 1.164742 18.28517 17.51978 32.30766 16.44539 
0.9179389 1.225686 18.09924 18.23947 26.24095 15.85219 
0.923589 1.202217 18.04414 17.17454 34.33656 16.93628 
0.8713236 1.160669 17.66207 18.19854 24.45979 16.11931 
1.003283 1.319935 18.5624 17.75929 30.66809 16.49106 
0.8392327 1.13519 18.09619 17.75816 41.08614 16.37621 
0.9172807 1.204705 18.05276 18.05702 43.69289 16.20966 
0.9138534 1.206332 17.96119 17.15109 26.6891 17.46196 
0.9697673 1.281812 18.48305 16.59478 46.90563 17.69957 
0.8582621 1.133194 17.64155 17.45065 21.72465 17.34445 
0.9000711 1.196189 18.05689 17.1257 23.24779 17.72145 
0.9782012 1.287101 18.41343 18.17292 27.03761 16.76931 
0.9072783 1.283648 18.13841 17.93941 23.40534 17.1482 
0.8441722 1.13311 18.24763 18.15513 22.82224 17.04697 
0.9169419 1.212841 18.02395 17.22951 28.26675 17.96745 
0.9222462 1.200752 18.37125 17.47764 32.62937 17.70573 
0.9797606 1.244348 17.93726 17.60215 25.00751 17.72471 
0.9335136 1.247845 18.01103 17.45686 28.35933 17.87359 
0.8300691 1.113327 17.836 17.88062 32.55709 17.43208 
0.972846 1.28414 18.4771 17.6674 26.79449 17.72818 
0.9112346 1.214571 17.95876 17.9915 28.79876 17.44232 
0.9608657 1.249751 18.04717 16.49315 25.00284 19.00764 
0.9908645 1.303862 18.39623 17.65425 26.00242 17.87432 
0.8857846 1.180495 17.64072 18.0943 26.22557 17.46467 
0.9066761 1.211647 17.95312 18.40406 28.1688 17.16556 
0.9373715 1.243287 17.84305 17.36549 35.80584 18.16859 
0.9453053 1.23781 18.68411 17.56062 23.81387 18.17637 
0.9323752 1.240424 18.12711 18.10166 32.15685 17.53121 
0.8487823 1.13631 17.56905 17.0248 41.28125 18.50955 
0.7880733 1.07645 16.65252 18.51985 28.01023 17.25618 
0.9719567 1.277126 18.68166 16.60968 31.79666 19.10773 
0.9999774 1.312258 18.60521 17.03257 30.02461 18.74792 
0.8911819 1.161285 17.73555 17.70436 29.67394 18.1236 
0.8675687 1.145453 17.6488 17.52971 27.10496 18.39016 
0.9989181 1.313488 18.34739 17.26769 25.80205 18.64992 
0.8241541 1.107874 17.81902 18.61087 35.31513 17.1746 
0.9303744 1.230553 18.31863 17.7647 25.55103 18.21423 
0.816793 1.105108 17.76415 18.2475 27.56848 17.74044 
0.9556985 1.263224 17.91439 18.20778 26.5669 17.81271 
0.8971388 1.204843 18.17611 17.9893 26.12265 18.05814 
0.8503003 1.127767 17.62669 18.29553 24.44328 17.81533 
0.9715483 1.270094 18.30338 18.65697 25.8523 17.40429 
0.865968 1.142519 17.74688 18.72201 24.78708 17.39438 
0.9255214 1.232527 17.92048 18.61459 29.11105 17.44997 
0.9439912 1.244001 18.18865 18.45633 26.17833 17.65987 
0.9865062 1.273671 18.01556 19.13109 22.05518 17.08297 
0.8981655 1.169005 17.99802 18.08776 28.42654 18.05202 
0.9722393 1.278641 18.17851 18.38086 38.6297 17.59914 
0.924763 1.211097 17.89667 17.66156 29.04645 18.48234 
0.9983988 1.315731 18.55275 18.33631 28.25768 17.83536 
0.8612857 1.157806 17.89067 18.22697 31.93236 17.94131 
0.8875606 1.177172 17.87348 18.37519 27.50298 17.88358 
0.916569 1.212258 18.04862 18.64663 36.93229 17.46238 
0.8867507 1.178473 17.89605 17.12392 28.07569 19.27592 
0.9862831 1.280091 18.15517 17.87382 26.04025 18.62887 
0.8407042 1.12202 17.8717 19.34952 28.76609 17.14242 
0.9341676 1.24014 18.17674 18.31051 27.80767 18.23737 
0.8952742 1.182388 18.02427 18.83162 26.54134 17.74365 
0.9182971 1.207237 17.83315 19.46844 32.3333 17.08095 
0.7663472 1.086201 17.43086 17.7088 29.66309 18.92016 
0.9226589 1.227157 17.85355 18.19621 28.73758 18.45183 
0.9743524 1.286583 18.47894 17.16854 41.44704 19.27367 
0.9161661 1.219293 17.47778 18.65988 29.57963 18.14696 
0.9621108 1.272173 18.06261 17.69148 34.74416 19.03727 
0.9783342 1.28773 18.28186 17.77322 30.1928 19.06229 
0.9155271 1.212285 18.16363 18.89411 30.22291 18.02964 
0.9329751 1.210907 17.99199 17.49333 21.57914 19.65173 
0.8710909 1.174157 18.00497 18.29458 27.99349 19.10754 
0.7893839 1.075623 17.55247 19.28159 34.53157 18.09948 
0.8645689 1.149818 17.90574 20.16978 28.18295 17.52786 
0.9228687 1.242115 18.04152 18.77482 35.05517 18.81292 
1.008697 1.319899 18.76178 17.86795 28.52302 20.37386 
0.7413473 1.040928 16.95776 7.974222 10.47751 6.138138 
0.52897 0.8180304 17.40458 7.674759 14.31953 5.774501 
0.6065714 0.9353871 17.68529 8.17327 11.99367 6.82199 
0.3381271 0.5430508 10.64396 7.318417 11.73362 6.660765 
0.3201056 0.5128899 10.0332 7.243078 12.78849 6.697458 
0.5329714 0.8204215 11.0559 7.404673 11.04036 6.937961 
0.6242702 0.9450181 18.07012 10.1605 15.88066 6.721348 
0.2147098 0.3568425 7.519989 7.502963 10.07709 6.419852 
0.6074269 0.9249771 17.86155 9.825577 12.07918 6.815674 
0.7127707 1.056951 16.66922 9.5561 18.36638 7.320131 
0.5480354 0.847568 15.88672 9.23028 18.19753 6.202799 
0.5711131 0.8732364 17.2538 9.06102 13.66125 7.008741 
0.4931285 0.7687161 14.73526 8.889212 15.06619 6.548356 
0.3328187 0.5229185 10.3791 9.191598 15.64323 6.939196 
0.5062661 0.7714221 15.06489 8.882108 14.12563 7.040022 
0.6001728 0.9278595 13.79946 9.376329 11.08244 7.573144 
0.6090643 0.9266214 17.96883 10.17711 13.36266 8.28959 
0.5687592 0.8850393 13.93815 8.692776 15.78746 7.991754 
0.6229556 0.9488189 17.4025 9.574845 15.42308 7.978026 
0.5095897 0.795224 10.89174 8.933482 18.64272 7.800722 
0.2674775 0.4157205 8.202545 8.874527 14.29226 6.884986 
