0.03508402 0.03471164 
0.03563401 0.03525148 
0.04072263 0.03938421 
0.03752528 0.03713448 
0.03564284 0.03476853 
0.03663101 0.03626465 
0.03452717 0.0337156 
0.03701907 0.03624282 
0.03670893 0.03604613 
0.03440144 0.03366741 
0.04392383 0.04248372 
0.033228 0.03295846 
0.03364027 0.03187194 
0.03579293 0.03525147 
0.03501483 0.03500405 
0.0341196 0.03409975 
0.03562751 0.03497094 
0.03296238 0.03301265 
0.03222183 0.03150861 
0.03440416 0.03339257 
0.03528296 0.0344881 
0.03305316 0.03267052 
0.0346604 0.03405642 
0.03376017 0.03368793 
0.09923946 0.09681411 
0.03506937 0.03453409 
0.04159326 0.03990683 
0.03598366 0.03555302 
0.03783481 0.03581095 
0.03460243 0.03415283 
0.03656121 0.03500235 
0.03888254 0.03799771 
0.03680173 0.03568277 
0.03577569 0.0352738 
0.03539584 0.03343109 
0.03556339 0.03482016 
0.03543136 0.03504682 
0.03674845 0.03645676 
0.0353325 0.03470975 
0.03585473 0.03481009 
0.03419712 0.03426445 
0.04002638 0.03810598 
0.03676138 0.0363847 
0.03574639 0.03514086 
0.03498817 0.03488292 
0.03280386 0.03211901 
0.03879506 0.03853795 
0.03542054 0.03421216 
0.03311717 0.03229598 
0.03550991 0.03505605 
0.07562801 0.07352372 
0.03392389 0.03309503 
0.03332709 0.03268455 
0.03609846 0.03395037 
0.03759081 0.03645975 
0.03442439 0.034348 
0.04013565 0.0394072 
0.03428674 0.03312735 
0.03452908 0.03380328 
0.03596558 0.0355654 
0.03540571 0.03504059 
0.03858392 0.03776753 
0.03903663 0.03836621 
0.03816865 0.03785191 
0.03670702 0.03594235 
0.03439297 0.03333044 
0.08181978 0.07679877 
0.03304609 0.03284121 
0.04087507 0.03994326 
0.03102705 0.0306671 
0.03393186 0.03268682 
0.03486612 0.03440408 
0.03689739 0.03640388 
0.03507791 0.03372865 
0.03223736 0.03155642 
0.03648193 0.03548826 
0.03449302 0.03359217 
0.03476852 0.03434145 
0.03596957 0.03502924 
0.03960685 0.03956595 
0.03796419 0.03701135 
0.03506703 0.03467329 
0.03760948 0.03631642 
0.03385283 0.03305619 
0.03848541 0.03806192 
0.03952579 0.03893384 
0.03370242 0.03300575 
0.03817611 0.03657513 
0.03633949 0.03471226 
0.04191419 0.04154795 
0.09130341 0.08571884 
0.03783998 0.03648165 
0.03838198 0.03807323 
0.03267144 0.03189783 
0.03636213 0.03536717 
0.03476591 0.03475984 
0.03805388 0.03651274 
0.03839571 0.03759043 
0.03493971 0.03366947 
0.03365753 0.03333558 
