0.03227063 0.03096007 0.6646356 0.03744096 0.3808615 0.03353387 
0.03776246 0.03398627 0.6067988 0.03310862 0.3753949 0.03390253 
0.03867946 0.0362975 0.6126161 0.03627046 0.3992629 0.02703179 
0.0361191 0.03427457 0.6521132 0.02839862 0.4069762 0.02710395 
0.03281893 0.03053496 0.6562618 0.03225385 0.3795557 0.02884367 
0.03407385 0.03268776 0.6565561 0.03396976 0.388326 0.03110185 
0.03373064 0.03157606 0.6561793 0.03652155 0.3846163 0.03670528 
0.03320969 0.03136772 0.6680167 0.03849143 0.3812887 0.03110825 
0.03124815 0.02980173 0.6325899 0.03638164 0.384007 0.03052135 
0.03329589 0.02877274 1 0.03271983 0.4026559 0.02992917 
0.03432585 0.03040441 0.5480027 0.03430265 0.3814327 0.03740952 
0.03354422 0.03171714 0.6411526 0.03560739 0.404017 0.03313916 
0.03434119 0.03367022 0.5660068 0.03117778 0.4480158 0.02782186 
0.03393732 0.03203411 0.6398961 0.03902613 0.3957791 0.03132076 
0.03864488 0.03617481 0.6498673 0.03769931 0.3847512 0.02949131 
0.03431794 0.03287094 0.6535803 0.0354398 0.4302983 0.03358599 
0.03310091 0.03130575 0.6544635 0.03230407 0.3837291 0.03255831 
0.0353034 0.03293476 0.6659435 0.03323379 0.3846182 0.03215202 
0.03547884 0.03561557 0.6554099 0.03408564 0.3838694 0.03239446 
0.03262459 0.03050824 0.6377636 0.03864948 0.4209684 0.03118644 
0.04067252 0.03738451 1 0.03264486 0.4046152 0.02983867 
0.03477385 0.03445003 1 0.03463401 0.4256882 0.03134083 
0.03463524 0.03354575 0.6318369 0.03260966 0.4311944 0.03689876 
0.03340248 0.0314868 0.6642371 0.03174654 0.4153276 0.03214138 
0.03568547 0.03322126 1 0.03514901 0.4295987 0.03085281 
0.0354706 0.03408356 0.6182381 0.03493717 0.4520443 0.03404562 
0.03582265 0.03262519 0.6387547 0.03831902 0.421101 0.0361562 
0.03744154 0.03421053 0.6415 0.04015451 0.4089445 0.03655653 
0.03516172 0.03200795 1 0.02979968 0.3888526 0.03011522 
0.03483786 0.03379296 0.6444765 0.04135453 0.3637793 0.03208473 
0.03513303 0.03345752 0.6497333 0.03565241 0.4041896 0.0311164 
0.03367951 0.0327917 0.6235119 0.03793969 0.2880353 0.03180241 
0.0311589 0.03037183 0.6574907 0.04087158 0.4467871 0.03430003 
0.03367167 0.03216927 0.6261208 0.03358038 0.4204334 0.03360773 
0.03449995 0.03364822 1 0.03385155 0.441109 0.03024031 
0.03610027 0.03133901 0.6327486 0.03311316 0.4342788 0.02982736 
0.03812736 0.03621627 0.6211631 0.03369631 0.3888723 0.03387332 
0.03265031 0.02973587 1 0.03717858 0.3720243 0.03408037 
0.03478347 0.03193566 1 0.03432703 0.3742956 0.0296715 
0.03517583 0.033775 0.6450805 0.0354393 0.4101685 0.02956998 
0.03493676 0.03334188 0.6477905 0.03042961 0.3923283 0.03040873 
0.03635368 0.03361826 1 0.03067886 0.4279009 0.02814183 
0.03324135 0.03128112 0.6434353 0.03023226 0.4180804 0.03061133 
0.03917197 0.03992345 0.6624357 0.03969202 0.4028677 0.03160014 
0.03989209 0.03821404 1 0.02954217 0.3649256 0.03175944 
0.03490296 0.03270537 0.613429 0.0394187 0.3931553 0.03055218 
0.03230666 0.03122227 0.6428635 0.03329468 0.4026059 0.02953871 
0.03505829 0.03195505 0.6625919 0.03332301 0.4295145 0.03406279 
0.03398124 0.03335155 1 0.03188582 0.4734178 0.03088362 
0.03784984 0.0350026 0.6204737 0.03865071 0.4220717 0.0366 
0.03375935 0.03219652 0.2907454 0.03089279 0.390989 0.02909708 
0.03405158 0.03231734 0.6382464 0.03578108 0.3685916 0.03577681 
0.03229297 0.03127202 0.650019 0.03327183 0.3911241 0.02968598 
0.03390071 0.03291345 1 0.03196671 0.4210276 0.02968916 
0.03525701 0.03673586 0.586237 0.03269751 0.386888 0.03438581 
0.03596691 0.03422976 1 0.03991468 0.3776879 0.03132426 
0.0330852 0.0323619 0.593525 0.03138744 0.3163226 0.03015035 
0.0347004 0.03457291 0.6459638 0.0371241 0.3848542 0.0328313 
0.03813649 0.03689186 0.646416 0.03442551 0.4085793 0.0298897 
0.03205576 0.03130194 0.6564294 0.03363545 0.3806945 0.03654151 
0.03358626 0.0315929 1 0.03853708 0.3189293 0.03294539 
0.03357367 0.03233726 0.6241422 0.03511164 0.3169149 0.02934054 
0.03025089 0.02729535 0.6222697 0.03126046 0.3830993 0.03188746 
0.03632893 0.03567048 1 0.0325055 0.3713391 0.0294811 
0.0316044 0.03100322 1 0.04108687 0.3701265 0.03814992 
0.03358035 0.03228333 0.6323365 0.04368104 0.3938743 0.036089 
0.03676616 0.0358212 0.6556506 0.03163782 0.4040945 0.03056926 
0.03212936 0.03068342 0.6549451 0.03788991 0.4290831 0.03959907 
0.03353474 0.0317049 1 0.03094195 0.3486397 0.02805652 
0.0316748 0.03158602 1 0.03512835 0.4052424 0.0357335 
0.03465332 0.03214635 0.6511913 0.03540424 0.4250329 0.03220805 
0.03591415 0.03147186 1 0.03458988 0.3887382 0.02909412 
0.03808193 0.03363509 1 0.03776394 0.3673131 0.03371858 
0.03276964 0.0316687 1 0.0370597 0.4118212 0.03320509 
0.03397832 0.03213659 0.6608697 0.03944768 0.4330718 0.03435595 
0.03969622 0.03526207 0.6132465 0.02970064 0.3960812 0.0290078 
0.03312283 0.03124163 0.683368 0.04325524 0.3977539 0.03740491 
0.03511584 0.03274621 1 0.03595448 0.392724 0.0291634 
0.03539362 0.03403435 1 0.03145916 0.3843504 0.03217215 
0.03353118 0.03049907 0.5931746 0.02877317 0.4146098 0.02709795 
0.03310835 0.03263009 0.6445582 0.03967456 0.4258088 0.0336434 
0.03318857 0.0319385 0.6679515 0.0357377 0.382489 0.03292687 
0.03457764 0.03170972 0.2872466 0.03622301 0.3966006 0.02881737 
0.04107941 0.03861659 0.6461997 0.03276586 0.4337631 0.03346921 
0.03768633 0.03495114 0.6474366 0.02603794 0.3728734 0.02911048 
0.04163117 0.03798825 0.6101066 0.03260093 0.385912 0.03072282 
0.03343011 0.03214554 0.5962907 0.03096312 0.429586 0.02984753 
0.03308605 0.03233009 0.6349966 0.03377752 0.3098452 0.03273106 
0.03589808 0.03409818 1 0.04006144 0.3857248 0.03284201 
0.03559098 0.03198157 1 0.03091076 0.3577329 0.02548009 
0.03588187 0.03350265 0.6716037 0.03916598 0.3666461 0.03351531 
0.03444006 0.03356429 0.6004904 0.0371875 0.474715 0.03338128 
0.03346117 0.03162732 0.6464487 0.03009648 0.3919323 0.02910073 
0.03338434 0.03102035 1 0.03804149 0.3934985 0.03329947 
0.0379853 0.0337826 0.6354976 0.03784635 0.4038549 0.03357869 
0.03439971 0.03231954 0.6575137 0.03887167 0.4039676 0.0324584 
0.03667344 0.03163165 0.620611 0.03574133 0.4104298 0.03271439 
0.0359638 0.03231703 1 0.03445438 0.4063708 0.03087436 
0.03750801 0.03279671 0.6523369 0.0315262 0.4243891 0.02852314 
0.03103699 0.02974041 0.6762761 0.03519701 0.3659185 0.03595228 
