0.1110435 0.03339546 
0.1469378 0.0410095 
0.1938954 0.04792193 
0.145977 0.03810745 
0.1855189 0.04742644 
0.1620818 0.03613977 
0.2165215 0.0627022 
0.1604378 0.0477919 
0.0654099 0.03507415 
0.1463982 0.0444564 
0.1165291 0.04433914 
0.1745544 0.05394294 
0.1560045 0.04779004 
0.1469717 0.04274825 
0.1492323 0.03323566 
0.1892928 0.04430514 
0.04379994 0.1081234 
0.1613345 0.04793652 
0.1680545 0.04344236 
0.1548621 0.04020177 
0.1655488 0.05815581 
0.1598321 0.04350934 
0.07887059 0.04598609 
0.1455638 0.03695317 
0.1502417 0.04063559 
0.1620492 0.04051426 
0.1252143 0.04464758 
0.1421873 0.04092034 
0.1630461 0.03929488 
0.1603672 0.04277487 
0.1267202 0.03725931 
0.1412704 0.04422633 
0.1389648 0.04214489 
0.1368349 0.05972965 
0.1390853 0.05031428 
0.1657659 0.03800977 
0.145037 0.04377308 
0.1088231 0.06400317 
0.1707724 0.04582586 
0.1504424 0.03844443 
0.1835191 0.05089212 
0.1552483 0.04944071 
0.1601248 0.04117073 
0.05787689 0.05060661 
0.1738599 0.04757061 
0.05626882 0.08215614 
0.2079041 0.0404732 
0.1145684 0.04807956 
0.0449643 0.08359765 
0.2120916 0.05511932 
0.1397055 0.04310438 
0.1654879 0.03991957 
0.1420216 0.04306481 
0.1593659 0.04823382 
0.1346543 0.04247078 
0.1763434 0.03976941 
0.1893206 0.03902572 
0.1072334 0.04219697 
0.1583249 0.04031886 
0.1677665 0.04612913 
0.1811286 0.04746463 
0.1588787 0.04197594 
0.1618739 0.04840463 
0.16061 0.03836072 
0.1703096 0.04635627 
0.05545123 0.0921328 
0.16826 0.04374526 
0.2000479 0.05594809 
0.1598912 0.03998602 
0.09281484 0.07317839 
0.1375133 0.0429287 
0.1648048 0.03545794 
0.09938729 0.04387693 
0.1123366 0.03549074 
0.1681695 0.03652681 
0.165124 0.04554345 
0.1475693 0.04709147 
0.1745297 0.03775927 
0.1513822 0.03991618 
0.1523184 0.04621485 
0.2139672 0.05417203 
0.1448156 0.03860748 
0.149924 0.04083295 
0.180029 0.0439411 
0.2037616 0.04645498 
0.1724992 0.04423806 
0.1516703 0.03503969 
0.1802358 0.04015214 
0.1532458 0.03943633 
0.1972308 0.05049027 
0.1240877 0.04806931 
0.1330953 0.045167 
0.1485362 0.03541751 
0.1826889 0.04198915 
0.1980039 0.05517302 
0.1597889 0.03460085 
0.1922842 0.04700236 
0.1648929 0.04044025 
0.1505451 0.04115483 
0.1723731 0.04552011 
