0.02955906 0.02955906 
0.027192 0.027192 
0.02777098 0.02777098 
0.02682474 0.02682474 
0.03169834 0.03169834 
0.03116618 0.03116618 
0.03106087 0.03106087 
0.02840717 0.02840717 
0.03124108 0.03124108 
0.02825076 0.02825076 
0.03090906 0.03090906 
0.0275441 0.0275441 
0.02587393 0.02587393 
0.02923736 0.02923736 
0.02757727 0.02757727 
0.02697588 0.02697588 
0.02859514 0.02859514 
0.03022814 0.03022814 
0.02549762 0.02549762 
0.02660637 0.02660637 
0.02979081 0.02979081 
0.02736839 0.02736839 
0.02790046 0.02790046 
0.02729414 0.02729414 
0.03064981 0.03064981 
0.02569522 0.02569522 
0.0294586 0.0294586 
0.02805999 0.02805999 
0.02800784 0.02800784 
0.03022066 0.03022066 
0.02975337 0.02975337 
0.02785846 0.02785846 
0.02575948 0.02575948 
0.03045822 0.03045822 
0.03050259 0.03050259 
0.02697393 0.02697393 
0.03054947 0.03054947 
0.03000557 0.03000557 
0.02837014 0.02837014 
0.02896096 0.02896096 
0.03068377 0.03068377 
0.02905094 0.02905094 
0.03020867 0.03020867 
0.02885697 0.02885697 
0.03069271 0.03069271 
0.02571932 0.02571932 
0.03060127 0.03060127 
0.0269609 0.0269609 
0.02903957 0.02903957 
0.03289982 0.03289982 
0.02878766 0.02878766 
0.02968285 0.02968285 
0.02927119 0.02927119 
0.02693673 0.02693673 
0.02927143 0.02927143 
0.02813186 0.02813186 
0.02605786 0.02605786 
0.0307805 0.0307805 
0.02888888 0.02888888 
0.02643434 0.02643434 
0.02843141 0.02843141 
0.02691358 0.02691358 
0.03040127 0.03040127 
0.03060902 0.03060902 
0.03330094 0.03330094 
0.03175341 0.03175341 
0.02742589 0.02742589 
0.02790671 0.02790671 
0.02673 0.02673 
0.0280371 0.0280371 
0.02730716 0.02730716 
0.02894712 0.02894712 
0.02779317 0.02779317 
0.02747407 0.02747407 
0.02736573 0.02736573 
0.02583308 0.02583308 
0.02710256 0.02710256 
0.02786746 0.02786746 
0.03138769 0.03138769 
0.02584689 0.02584689 
0.02380638 0.02380638 
0.03172845 0.03172845 
0.02725911 0.02725911 
0.02968393 0.02968393 
0.0274355 0.0274355 
0.02891725 0.02891725 
0.03145608 0.03145608 
0.02927061 0.02927061 
0.02944653 0.02944653 
0.02926768 0.02926768 
0.02735413 0.02735413 
0.029012 0.029012 
0.0285153 0.0285153 
0.02789879 0.02789879 
0.02786953 0.02786953 
0.02652341 0.02652341 
0.02811395 0.02811395 
0.02827846 0.02827846 
0.03194714 0.03194714 
0.02514012 0.02514012 
