0.07352634 0.07352634 
0.05362101 0.05362101 
0.08670517 0.08670517 
0.07040539 0.07040539 
0.03903457 0.03903457 
0.0778408 0.0778408 
0.08229839 0.08229839 
0.08519592 0.08519592 
0.08372808 0.08372808 
0.08721728 0.08721728 
0.06927408 0.06927408 
0.07450683 0.07450683 
0.07456582 0.07456582 
0.07718042 0.07718042 
0.04501986 0.04501986 
0.0695032 0.0695032 
0.07809441 0.07809441 
0.07721452 0.07721452 
0.07329747 0.07329747 
0.07892472 0.07892472 
0.08755652 0.08755652 
0.07685959 0.07685959 
0.08349921 0.08349921 
0.07435563 0.07435563 
0.07042609 0.07042609 
0.07225055 0.07225055 
0.07011354 0.07011354 
0.0750901 0.0750901 
0.07751212 0.07751212 
0.0737636 0.0737636 
0.07631395 0.07631395 
0.08261146 0.08261146 
0.07103249 0.07103249 
0.05486197 0.05486197 
0.07455148 0.07455148 
0.07681491 0.07681491 
0.07717444 0.07717444 
0.08130758 0.08130758 
0.08706392 0.08706392 
0.07430993 0.07430993 
0.07533373 0.07533373 
0.07541696 0.07541696 
0.08064549 0.08064549 
0.07584638 0.07584638 
0.07539397 0.07539397 
0.07147502 0.07147502 
0.04109712 0.04109712 
0.07097593 0.07097593 
0.03728419 0.03728419 
0.06972573 0.06972573 
0.08072321 0.08072321 
0.07973045 0.07973045 
0.07890754 0.07890754 
0.07632631 0.07632631 
0.08071212 0.08071212 
0.06579389 0.06579389 
0.07365808 0.07365808 
0.07885967 0.07885967 
0.07601195 0.07601195 
0.07679943 0.07679943 
0.07949868 0.07949868 
0.07370193 0.07370193 
0.05596783 0.05596783 
0.07607428 0.07607428 
0.07879205 0.07879205 
0.06447479 0.06447479 
0.05602085 0.05602085 
0.06757681 0.06757681 
0.07691686 0.07691686 
0.06180586 0.06180586 
0.06871142 0.06871142 
0.07112788 0.07112788 
0.07268 0.07268 
0.08324891 0.08324891 
0.07332808 0.07332808 
0.07952492 0.07952492 
0.07837597 0.07837597 
0.07508897 0.07508897 
0.06535468 0.06535468 
0.07933068 0.07933068 
0.0827302 0.0827302 
0.07182941 0.07182941 
0.07576552 0.07576552 
0.08037387 0.08037387 
0.07312932 0.07312932 
0.0731938 0.0731938 
0.06429768 0.06429768 
0.0796256 0.0796256 
0.04261887 0.04261887 
0.07743308 0.07743308 
0.07879609 0.07879609 
0.08047284 0.08047284 
0.05382343 0.05382343 
0.07443315 0.07443315 
0.07680534 0.07680534 
0.07386996 0.07386996 
0.07161354 0.07161354 
0.06976122 0.06976122 
0.07790427 0.07790427 
0.0816032 0.0816032 
