0.7968993 1.086307 
0.7740502 1.062875 
0.791435 1.094291 
0.786052 0.9593208 
0.8529308 1.033623 
0.8717272 1.135729 
0.8274755 1.006284 
0.9950612 1.278823 
0.884876 1.113832 
0.9809742 1.26136 
0.8560078 1.115571 
0.8467972 1.111355 
0.8749254 1.149772 
0.9529672 1.226563 
0.8612347 1.084716 
0.8528054 1.121035 
0.9440837 1.229949 
0.9771104 1.25564 
0.9649818 1.240606 
0.962811 1.238418 
0.6291285 0.9326258 
0.7228727 1.039779 
0.6448083 1.161761 
0.5977688 1.19544 
0.8684878 1.137116 
0.3822496 0.5650139 
0.5945971 0.8687246 
0.5985768 0.8560441 
0.6395714 0.9173341 
0.5351455 0.8089736 
0.370857 0.7791095 
0.5781021 0.8386781 
0.5341575 0.7686727 
0.3386986 0.5902312 
0.5455451 0.8100462 
0.3116031 0.4792185 
0.6228404 0.8996985 
0.4805646 0.9694543 
0.3315461 0.5947104 
0.3408608 0.5236664 
0.6213973 0.9501207 
0.7074368 1.008319 
0.5935783 0.9068663 
0.6232047 0.9312379 
0.6459384 0.9520025 
0.6418912 0.9517355 
0.499727 0.6683469 
0.5640156 0.8180282 
0.6139393 0.8949029 
0.5890303 0.8010511 
0.6247349 0.8985078 
0.6354208 0.9168477 
0.3889077 0.6513166 
0.5540884 0.7865961 
0.5047131 0.6860507 
0.2877061 0.4663339 
0.549068 0.8058629 
0.3127809 0.4901631 
0.5350018 0.8284194 
0.5178146 0.6928728 
0.5214775 0.821944 
0.8148067 1.101649 
0.6355219 0.9536736 
0.336844 0.5947626 
0.7679861 1.03227 
0.342689 0.5258567 
0.6423786 0.9534123 
0.6046994 0.8959217 
0.5189431 0.6845875 
0.6860654 0.9647748 
0.6468108 0.9437022 
0.6270065 0.9133499 
0.630527 0.8287561 
0.6456861 0.9437845 
0.6302314 0.9097025 
0.5364463 0.7153502 
0.4271445 0.6195147 
0.5280018 0.7339592 
0.4605567 0.7874343 
0.6127572 0.941541 
0.4489756 0.771275 
0.4478724 0.8195326 
0.6343441 0.9471095 
0.6252358 0.7986557 
0.3159063 0.4924319 
0.6199129 0.9301107 
0.6834335 0.9930522 
0.4799566 0.625577 
0.6484039 0.9673622 
0.2124085 0.3314767 
0.6598907 0.9703107 
0.64994 0.9397836 
0.6146548 0.9131069 
0.5728526 0.7631011 
0.614238 0.904603 
0.6638544 0.9746001 
0.2456892 0.3752639 
0.2053351 0.327538 
0.8084724 1.075193 
0.4040911 0.5839331 
