0.03959014 0.03967949 0.4951053 0.3643282 0.1669303 0.6866684 
0.03632822 0.03533558 0.4936851 0.3982518 0.1599875 0.6410328 
0.04978041 0.04829624 0.5450658 0.4428513 0.1517125 0.6738999 
0.04294387 0.04181631 0.4916701 0.3312622 0.1318574 0.6359625 
0.0406565 0.0388358 0.5018895 0.4078832 0.14647 0.6869571 
0.04055458 0.03838225 0.4610076 0.3578193 0.1669567 0.5645962 
0.04336062 0.04281874 0.5478808 0.3572931 0.1617754 0.5735058 
0.04091715 0.03933805 0.5367285 0.3807355 0.1397453 0.759137 
0.05052524 0.05026636 0.5743725 0.3557074 0.1244996 0.7054806 
0.04619879 0.04005699 0.6742573 0.3690494 0.1776453 0.6906356 
0.04469914 0.04243447 0.4695266 0.3658107 0.168094 0.6608328 
0.04904882 0.04771931 0.5268832 0.3557633 0.1408609 0.6666392 
0.04461978 0.04199221 0.5075556 0.3877587 0.1374938 0.6828382 
0.04237538 0.03972017 0.5212325 0.2955379 0.1546409 0.6562044 
0.04586637 0.04556199 0.526547 0.4234636 0.1377853 0.7378584 
0.03758859 0.03715361 0.4350558 0.330217 0.1533242 0.5980727 
0.04019875 0.03651794 0.5486677 0.3871956 0.1373503 0.6214193 
0.04959277 0.04594299 0.5702817 0.3842401 0.1867983 0.6789374 
0.04159693 0.03933312 0.510326 0.2640001 0.1403749 0.7127069 
0.04961046 0.04886992 0.6020083 0.52825 0.1205066 0.7792799 
0.03762511 0.03461465 0.5140102 0.3475898 0.1647312 0.6413961 
0.03942742 0.03820616 0.4496889 0.3488684 0.1417473 0.7000734 
0.03657072 0.03443079 0.4349908 0.324916 0.1555842 0.5636906 
0.039162 0.03619037 0.5352854 0.4606954 0.1264201 0.6428797 
0.04588869 0.04470047 0.5223766 0.4474702 0.1477525 0.6410001 
0.03837778 0.03682908 0.4878665 0.4238567 0.1393595 0.596141 
0.05085019 0.04931644 0.5591551 0.2997099 0.1813016 0.6553062 
0.03904344 0.03572853 0.5168504 0.4246839 0.1599362 0.5475076 
0.03853894 0.03603519 0.4814193 0.3146204 0.1872271 0.7016432 
0.03941457 0.03771233 0.4866224 0.3491996 0.1304848 0.649034 
0.03775806 0.03710176 0.4842695 0.3785571 0.149284 0.5879491 
0.04115302 0.03843612 0.5193469 0.4887948 0.1491776 0.7207746 
0.042461 0.04017803 0.6046298 0.3629204 0.1273067 0.6674399 
0.06334452 0.06460173 0.6933132 0.37414 0.1537615 0.6560711 
0.04720861 0.04523223 0.425617 0.3406747 0.1512997 0.5756871 
0.03771367 0.03650951 0.6303101 0.3939405 0.1678099 0.7919237 
0.04769636 0.04362765 0.6689486 0.3459492 0.1680241 0.6560729 
0.04142717 0.03956612 0.4817302 0.3190437 0.162618 0.6153401 
0.05213553 0.04924988 0.5479674 0.3580207 0.1823173 0.682317 
0.03434957 0.03396603 0.5328231 0.3761151 0.1667458 0.5818449 
0.04258453 0.04171545 0.5861709 0.3811016 0.1072103 0.5586919 
0.04151224 0.04048083 0.5179314 0.3451707 0.1963837 0.6389976 
0.03966236 0.03908057 0.5640369 0.3465874 0.1605856 0.7479279 
0.0472424 0.04421551 0.5523657 0.4491822 0.1507165 0.6661874 
0.03968333 0.03776728 0.5769917 0.4091329 0.1707117 0.6187916 
0.04151701 0.04045832 0.5531388 0.4625506 0.130308 0.6188667 
0.0394686 0.03688256 0.5100434 0.3763928 0.1194636 0.6652564 
0.04098128 0.03742757 0.5048471 0.3840398 0.1612097 0.6343543 
0.03965508 0.03858493 0.4660537 0.399459 0.1682983 0.7587356 
0.03731329 0.03606831 0.5212737 0.3294432 0.1618127 0.5374018 
0.04643686 0.04460196 0.5544193 0.2903942 0.1335943 0.6504844 
0.04018453 0.0397028 0.4679987 0.3716519 0.1723109 0.6474786 
0.05314138 0.05188288 0.5461922 0.3478497 0.195747 0.704968 
0.03677236 0.03407971 0.5929175 0.4313873 0.1323766 0.5811792 
0.0395886 0.0379307 0.4945673 0.3110385 0.1688847 0.7404837 
0.04076811 0.03976261 0.6201686 0.397876 0.1313385 0.7201503 
0.04006574 0.04019107 0.4536094 0.433764 0.12887 0.6140097 
0.04476143 0.0441519 0.5425744 0.4036248 0.1368647 0.7269433 
0.03897569 0.03824342 0.4785672 0.3899762 0.1717865 0.7268173 
0.04557185 0.04158267 0.6413095 0.3976918 0.1768744 0.6849602 
0.04602246 0.04519424 0.543191 0.3517647 0.1441094 0.6663986 
0.04393355 0.04133263 0.6010692 0.3007702 0.1610748 0.6495032 
0.04511807 0.04244517 0.6078148 0.3521448 0.1574757 0.7006113 
0.05082888 0.04884765 0.5668194 0.2934219 0.1418106 0.6735616 
0.03812509 0.03549716 0.5636834 0.4096373 0.1374768 0.5902286 
0.05572997 0.04143696 0.6641546 0.3064737 0.172828 0.6695062 
0.04385191 0.04016236 0.721174 0.4462639 0.1656828 0.6246885 
0.03892655 0.03857898 0.5030498 0.3412895 0.1514599 0.7263028 
0.0485267 0.04698521 0.5437828 0.5747575 0.1219584 0.7771968 
0.03552635 0.03306333 0.4365128 0.3303529 0.1482816 0.5296582 
0.04512041 0.03683577 0.7131635 0.4804233 0.1782786 0.6396035 
0.04406141 0.04113908 0.538937 0.2836726 0.1620391 0.7022071 
0.03825657 0.03773104 0.5139146 0.3945574 0.1238286 0.7032717 
0.0388421 0.03666421 0.4724174 0.6071221 0.1414125 0.5661937 
0.04547999 0.03717927 0.6556295 0.37046 0.1612204 0.6493094 
0.05018061 0.04904563 0.4798083 0.4686796 0.1527173 0.7086262 
0.05526333 0.05160884 0.5985187 0.3216371 0.1120076 0.7179945 
0.03576969 0.03446526 0.4820064 0.5717378 0.1575712 0.6707906 
0.04267997 0.04118896 0.6081124 0.3168192 0.1344328 0.6708076 
0.04502413 0.04357188 0.5858722 0.3997414 0.1594507 0.7068527 
0.03574676 0.0347983 0.5194817 0.2702271 0.1515868 0.6183709 
0.04059747 0.03850351 0.4330476 0.3552707 0.1481515 0.7129206 
0.03611302 0.03429228 0.5373734 0.4768189 0.1129437 0.6308473 
0.04900804 0.04722412 0.5434706 0.4405926 0.1512654 0.7230146 
0.04276229 0.04142213 0.481049 0.3963641 0.1846928 0.5744877 
0.04515924 0.04435293 0.5184528 0.3946919 0.1594924 0.6516009 
0.05726277 0.05567818 0.555216 0.4067077 0.1307092 0.7102341 
0.03959444 0.03548752 0.5278237 0.3577328 0.1391651 0.6892878 
0.03742435 0.03536677 0.4447688 0.4333373 0.1700622 0.6030772 
0.03699451 0.03638513 0.4576044 0.3896033 0.1549587 0.6506753 
0.03690303 0.03346812 0.4860435 0.362599 0.1682615 0.6678616 
0.03969012 0.03622926 0.5017142 0.3221807 0.2004973 0.6577282 
0.04010682 0.0376876 0.3975979 0.3500111 0.1897077 0.626744 
0.03986635 0.03685509 0.5642103 0.4005324 0.1537809 0.6813889 
0.0424954 0.04106975 0.4272128 0.4870421 0.1956119 0.6199449 
0.04156605 0.04043892 0.4440024 0.4604236 0.1341975 0.6269352 
0.04167178 0.04065246 0.5031696 0.4486396 0.1422221 0.6880166 
0.04024865 0.03954681 0.5819199 0.4662177 0.1366523 0.6183494 
0.04721048 0.04710517 0.5667304 0.4036026 0.1404112 0.7543743 
0.05256614 0.04870279 0.6819147 0.4662892 0.1333335 0.6822549 
0.03811137 0.03739443 0.5230522 0.4256497 0.1605158 0.7161149 
0.02844854 0.02648641 0.547536 0.4195084 0.1308523 0.4834033 
0.03796473 0.03735142 0.4308048 0.3551577 0.1538075 0.6444483 
0.03901067 0.03662335 0.5099715 0.3841058 0.1531684 0.5954151 
0.04153489 0.03980209 0.5064829 0.3864688 0.1466508 0.6641627 
0.04944252 0.04735831 0.4893707 0.4416843 0.1674154 0.6639111 
0.04182933 0.04020194 0.5080454 0.4044927 0.1629781 0.6679004 
0.03710452 0.03541559 0.5043684 0.3598238 0.1294907 0.6721451 
0.04070833 0.03888147 0.5252324 0.4229542 0.1457697 0.6248929 
0.03741944 0.03555011 0.5164794 0.379253 0.1387476 0.6837913 
0.0375177 0.03757202 0.4687032 0.3587989 0.1531791 0.6453272 
0.05800391 0.05593722 0.4814639 0.396943 0.1539299 0.7125597 
0.03814865 0.03757275 0.6115279 0.4399071 0.1567774 0.6829165 
0.04262696 0.03994943 0.5585538 0.4274665 0.1564479 0.6817657 
0.04762953 0.04476741 0.5397211 0.4456873 0.154024 0.7135941 
0.04127242 0.03908227 0.5598339 0.3411528 0.1372607 0.5874071 
0.04441582 0.04147947 0.568243 0.4168154 0.1515964 0.6941129 
0.03836482 0.03698773 0.5226635 0.3445695 0.1330464 0.6313135 
0.03789955 0.03605279 0.4743616 0.3434621 0.1517275 0.5614673 
0.03664066 0.03411784 0.611751 0.452299 0.08256412 0.7106686 
0.04839396 0.04654475 0.5420271 0.3607798 0.1530552 0.6565479 
0.03989216 0.03945766 0.5784047 0.3847215 0.1253403 0.5852405 
0.03799337 0.03576241 0.4649591 0.351141 0.1473076 0.6325337 
0.04734179 0.04707242 0.4542283 0.4274685 0.1807059 0.4473674 
0.04393068 0.04312158 0.4498696 0.4183622 0.1514053 0.6469817 
0.0374764 0.03626547 0.5468395 0.4916565 0.1293989 0.66446 
0.04845779 0.04720807 0.482811 0.4579775 0.1433284 0.752939 
0.06728637 0.04497687 0.6528052 0.3424689 0.1328231 0.7138532 
0.03452535 0.03328741 0.4897387 0.2884116 0.1420692 0.6600705 
0.04806565 0.04508547 0.5158077 0.3152461 0.1472489 0.6484928 
0.04391405 0.04132818 0.5521107 0.3679922 0.162159 0.6268874 
0.05011678 0.04716488 0.6176279 0.4210417 0.1510285 0.6475117 
0.04448489 0.04350606 0.4544897 0.4036266 0.1388725 0.7880333 
0.0342461 0.03131131 0.6167607 0.4626305 0.1479538 0.5115417 
0.04059796 0.03887757 0.5352489 0.3658956 0.1612887 0.7577323 
0.04316854 0.0432946 0.5755839 0.3561568 0.1396183 0.7181951 
0.06462259 0.05119552 0.6087777 0.3821089 0.1335818 0.6402274 
0.04121312 0.03854495 0.6047872 0.5701901 0.1035322 0.7452714 
0.04223533 0.04104821 0.6203316 0.3907936 0.1410229 0.6429797 
0.04218199 0.04088508 0.5133039 0.3697475 0.1230888 0.6634026 
0.04523959 0.04398263 0.5192036 0.414899 0.1563885 0.5911132 
0.03720886 0.03676282 0.5654013 0.3612758 0.1356032 0.6883795 
0.03757181 0.03698253 0.7108274 0.4014854 0.1535317 0.7472081 
0.04301657 0.04176508 0.4724852 0.4287893 0.2174369 0.7030132 
0.04440739 0.0417863 0.4812504 0.4476265 0.1516007 0.5832091 
0.05038096 0.050913 0.6101655 0.3593731 0.1226046 0.6320988 
0.05893354 0.05763711 0.5467083 0.3664933 0.16054 0.6896696 
0.04098626 0.03847318 0.4514638 0.3441175 0.1693047 0.6737642 
0.03872645 0.03667348 0.5550881 0.3302756 0.1489132 0.5172281 
0.03734294 0.03423013 0.5969666 0.356558 0.1675557 0.7182851 
0.03426695 0.03313813 0.4459276 0.3063437 0.1646362 0.6931434 
0.04164899 0.0410129 0.4808311 0.4319811 0.1475807 0.6793741 
0.04379594 0.04522762 0.7559726 0.4729141 0.1603607 0.6844036 
0.03594892 0.03402076 0.4955648 0.351939 0.1309621 0.6789428 
0.04028103 0.03918036 0.4312121 0.3422678 0.1543484 0.6499376 
0.05103306 0.04208258 0.6464093 0.3421395 0.1642142 0.6865068 
0.04300406 0.04088039 0.6392699 0.4484604 0.1451636 0.7156037 
0.03683756 0.03519898 0.5313333 0.3674386 0.1360407 0.6021327 
0.04185551 0.03989376 0.4918501 0.330189 0.1449196 0.6533693 
0.03735021 0.03647117 0.5601321 0.4891251 0.1046038 0.7004428 
0.05712599 0.0554798 0.4932565 0.3460113 0.12641 0.7222248 
0.04338183 0.04127934 0.5228043 0.3952213 0.1354343 0.63899 
0.04514082 0.04056406 0.5959606 0.3719776 0.2168947 0.715194 
0.04263401 0.0420908 0.5371462 0.3154465 0.1474586 0.6995369 
0.03828455 0.03651567 0.5885845 0.3232309 0.1250581 0.719245 
0.03681626 0.03615409 0.5381827 0.2948202 0.1665946 0.6458048 
0.0659694 0.05973998 0.649046 0.4038229 0.1758654 0.6911038 
0.03907743 0.03702279 0.5891423 0.2699057 0.1428204 0.610571 
0.04732807 0.04444025 0.5147106 0.3549056 0.1379518 0.6219727 
0.03783256 0.03580703 0.6472019 0.384422 0.1795639 0.7420572 
0.05002245 0.04027867 0.6360609 0.3422215 0.09138282 0.6140242 
0.03492135 0.03418212 0.4930628 0.4079638 0.121834 0.652056 
0.03654399 0.0335609 0.5644783 0.3874891 0.1332424 0.6545296 
0.04020908 0.03891878 0.5350203 0.356406 0.1407907 0.6549497 
0.04085478 0.04059708 0.4678421 0.4165277 0.154538 0.6985686 
0.03972737 0.03845429 0.4980638 0.3587192 0.1150333 0.7441604 
0.04606513 0.04222433 0.6462638 0.3357819 0.1330964 0.7407176 
0.04154153 0.03845304 0.4804648 0.3940768 0.1794019 0.6961565 
0.04536724 0.04266308 0.6008022 0.319484 0.1330316 0.7504919 
0.04190188 0.04025415 0.6282158 0.4767797 0.1546372 0.7577634 
0.03758868 0.03661868 0.4179348 0.4039088 0.1746745 0.5874347 
0.03852525 0.03834065 0.4404464 0.4374159 0.1562515 0.5849316 
0.03646272 0.03542213 0.4438604 0.517053 0.1552377 0.6949695 
0.03795205 0.03715206 0.4922276 0.3824808 0.1089349 0.6684234 
0.04745262 0.04505918 0.5032611 0.282498 0.164686 0.6937206 
0.04733979 0.0444548 0.4916355 0.582126 0.1647549 0.5940849 
0.04944274 0.04560463 0.5953204 0.3612216 0.1601662 0.6732981 
0.03847707 0.03619194 0.5424377 0.4014821 0.1418952 0.6620601 
0.03765758 0.03610563 0.532085 0.3874682 0.161848 0.576934 
0.04531086 0.04340472 0.5508861 0.3852045 0.132464 0.6669959 
0.03419943 0.03476281 0.5367369 0.4736321 0.1826477 0.6575372 
0.03705468 0.03608393 0.435285 0.3481341 0.1861631 0.6275817 
0.0501662 0.04156995 0.6995136 0.3672595 0.1795684 0.7278495 
0.04455218 0.03596535 0.6217752 0.3154969 0.1242163 0.6498586 
0.04384289 0.04206456 0.5412263 0.3273629 0.1323758 0.7206862 
0.03932161 0.0370804 0.5727675 0.4896454 0.1209939 0.7109138 
0.04742822 0.0400228 0.6976195 0.3675148 0.1575429 0.6898775 
0.04785804 0.04617542 0.5158587 0.4221623 0.165841 0.7656131 
0.04294754 0.0412559 0.5263633 0.4866845 0.1336013 0.7775344 
0.03735335 0.03571898 0.6169698 0.3998859 0.1384492 0.6890505 
