1.37367 1.737456 
1.38365 1.747528 
1.396092 1.76163 
1.531607 1.928097 
1.37742 1.75393 
1.384253 1.758005 
1.386704 1.773782 
1.38722 1.768671 
1.354731 1.670311 
1.511078 1.889927 
1.548212 1.959175 
1.508932 1.901188 
0.9168136 1.311792 
0.815645 1.635366 
0.8835688 1.221989 
0.6696711 1.001683 
0.9091783 1.250427 
0.8889861 1.243698 
0.8808556 1.218021 
0.9733036 1.359799 
0.9790912 1.452118 
0.7702904 1.037223 
0.9596066 1.348977 
1.097719 1.710035 
0.7177532 1.045727 
0.5881648 0.920192 
0.7564962 1.095779 
0.7137921 0.9293599 
0.8564246 1.18217 
0.8499272 1.178552 
0.8323383 1.165356 
0.8405547 1.190258 
0.8109636 1.144655 
0.7929151 1.144616 
0.8649154 1.299183 
0.7628756 1.139773 
1.029935 1.400882 
0.9322853 1.32787 
0.7060847 1.062739 
0.7994969 1.178314 
0.8317487 1.193763 
0.6275237 1.010448 
1.059068 1.499805 
1.083384 1.425806 
0.7880063 1.137676 
0.9864705 1.40983 
0.9723384 1.366788 
0.7032733 1.003685 
0.7919114 1.149332 
1.079643 1.423621 
0.6388454 0.9678261 
0.7154899 1.052877 
1.224347 1.579395 
0.7923429 1.087411 
0.5577567 0.8977416 
0.8103831 1.219916 
0.9435062 1.353975 
1.042992 1.445318 
0.8406937 1.212505 
0.8446584 1.209454 
0.8409765 1.645467 
1.228871 1.622304 
1.269059 1.628234 
0.7930112 1.188899 
1.317227 1.70531 
1.270944 1.64923 
0.7541835 1.633429 
0.9072068 1.274316 
0.8677206 1.257378 
0.9701378 1.35745 
0.8803749 1.29268 
1.412494 1.804689 
0.9045205 1.302077 
0.8923461 1.264963 
0.6380818 0.9696913 
0.8534989 1.245838 
1.166648 1.485308 
1.243253 1.586713 
0.5005572 0.7429249 
0.9774415 1.39729 
0.6990142 1.034553 
1.180996 1.492243 
0.3987784 0.6270177 
0.654011 0.9894187 
1.008184 1.434016 
1.00774 1.439361 
0.7332273 1.104573 
0.809432 1.147712 
0.6364748 0.9880593 
0.7538049 1.092163 
0.5924428 1.352479 
0.6212339 1.324217 
1.025817 1.288335 
0.8918977 1.232046 
0.6035888 0.9092984 
0.7230124 1.104121 
0.8259633 1.165897 
1.258732 1.625031 
0.8368926 1.209833 
0.6315603 1.041905 
