0.0944773 0.0944773 
0.07521558 0.07521558 
0.0696411 0.0696411 
0.07156782 0.07156782 
0.06859865 0.06859865 
0.07328789 0.07328789 
0.06707123 0.06707123 
0.0763915 0.0763915 
0.07562374 0.07562374 
0.08103074 0.08103074 
0.07804903 0.07804903 
0.08258928 0.08258928 
0.07326468 0.07326468 
0.06502945 0.06502945 
0.0654895 0.0654895 
0.07223167 0.07223167 
0.06011111 0.06011111 
0.05558767 0.05558767 
0.07338096 0.07338096 
0.07047344 0.07047344 
0.4090088 0.4090088 
0.0736466 0.0736466 
0.06742235 0.06742235 
0.07777561 0.07777561 
0.06693557 0.06693557 
0.05558119 0.05558119 
0.07022693 0.07022693 
0.08550876 0.08550876 
0.4110692 0.4110692 
0.07394878 0.07394878 
0.06569627 0.06569627 
0.0702126 0.0702126 
0.06744433 0.06744433 
0.07661437 0.07661437 
0.06954435 0.06954435 
0.4381718 0.4381718 
0.06529094 0.06529094 
0.2845237 0.2845237 
0.06655787 0.06655787 
0.06651394 0.06651394 
0.07605455 0.07605455 
0.07363483 0.07363483 
0.06706543 0.06706543 
0.07258794 0.07258794 
0.06916451 0.06916451 
0.06241506 0.06241506 
0.0646897 0.0646897 
0.06751212 0.06751212 
0.07471086 0.07471086 
0.06202973 0.06202973 
0.0828136 0.0828136 
0.08050149 0.08050149 
0.0725417 0.0725417 
0.07540736 0.07540736 
0.0753643 0.0753643 
0.07541521 0.07541521 
0.05387185 0.05387185 
0.06796246 0.06796246 
0.07373605 0.07373605 
0.07100185 0.07100185 
0.06777208 0.06777208 
0.07551221 0.07551221 
0.06024695 0.06024695 
0.07850353 0.07850353 
0.07916055 0.07916055 
0.06247811 0.06247811 
0.07007559 0.07007559 
0.0660395 0.0660395 
0.06891859 0.06891859 
0.07374869 0.07374869 
0.06989516 0.06989516 
0.05913134 0.05913134 
0.06614215 0.06614215 
0.07283366 0.07283366 
0.0876022 0.0876022 
0.07443419 0.07443419 
0.06287308 0.06287308 
0.06984075 0.06984075 
0.0682465 0.0682465 
0.07075696 0.07075696 
0.08752399 0.08752399 
0.06202694 0.06202694 
0.06865133 0.06865133 
0.06819491 0.06819491 
0.06202575 0.06202575 
0.07083459 0.07083459 
0.07223652 0.07223652 
0.07158644 0.07158644 
0.07846811 0.07846811 
0.06783263 0.06783263 
0.07340919 0.07340919 
0.4352676 0.4352676 
0.07099552 0.07099552 
0.06672916 0.06672916 
0.06740804 0.06740804 
0.06003882 0.06003882 
0.0713694 0.0713694 
0.07961236 0.07961236 
0.06599106 0.06599106 
0.09156124 0.09156124 
