0.04200318 0.04110218 
0.03301838 0.03180688 
0.03574627 0.03476005 
0.03652305 0.03474007 
0.03868875 0.03799724 
0.03604122 0.03605377 
0.04061342 0.03744727 
0.03312665 0.03307465 
0.03548347 0.03500101 
0.03375275 0.0334731 
0.03493807 0.03435977 
0.039885 0.03935666 
0.03697619 0.03551812 
0.03575521 0.03483541 
0.03781949 0.0365989 
0.03727945 0.03660396 
0.03727914 0.03644238 
0.03380393 0.03367042 
0.04207503 0.0410675 
0.03543482 0.03466118 
0.0358415 0.0346155 
0.04255349 0.0425944 
0.03400245 0.0335778 
0.03299234 0.03241752 
0.03770954 0.03608122 
0.03604439 0.03541408 
0.03824454 0.0376097 
0.03832871 0.03727117 
0.03958193 0.03891068 
0.03792181 0.03704295 
0.03516891 0.03428385 
0.0365134 0.03573166 
0.08422937 0.0818447 
0.0326351 0.03213799 
0.04156817 0.04113 
0.03676887 0.03562237 
0.08926607 0.08588294 
0.0385243 0.03755012 
0.03438026 0.03424242 
0.03880986 0.03917897 
0.03301165 0.03186342 
0.03730168 0.03700905 
0.03725087 0.03690007 
0.03659974 0.03634955 
0.0380768 0.03716342 
0.03563752 0.03488997 
0.1058218 0.1013719 
0.0379888 0.03750251 
0.09941736 0.0967065 
0.03786749 0.0371157 
0.0356749 0.03522225 
0.03684625 0.03636063 
0.04388012 0.04328796 
0.03482533 0.03497366 
0.1003441 0.09196425 
0.03719108 0.03626576 
0.03259501 0.0316213 
0.03359055 0.03282722 
0.03660379 0.03570065 
0.03416838 0.03428564 
0.03709877 0.03525707 
0.03459415 0.0343416 
0.03498969 0.03429278 
0.03283566 0.03265455 
0.0357192 0.03549401 
0.07962283 0.07651178 
0.03593181 0.03517139 
0.03815194 0.03761456 
0.03616221 0.03560426 
0.03288119 0.03225042 
0.0352487 0.03365775 
0.03650108 0.03586165 
0.04026916 0.03788417 
0.03358594 0.03276118 
0.03390909 0.03352458 
0.03522092 0.03492322 
0.03313008 0.03279126 
0.03681078 0.03514156 
0.0359441 0.03504766 
0.03508695 0.03322634 
0.03279642 0.03159856 
0.03383554 0.03354753 
0.03613397 0.03483245 
0.03632169 0.03579049 
0.03550352 0.03506665 
0.03408455 0.03238502 
0.03462523 0.03411033 
0.03725886 0.03673605 
0.03335939 0.0328184 
0.03776523 0.0370701 
0.03887414 0.03835853 
0.03780175 0.03695718 
0.03986787 0.03871276 
0.0353816 0.03450833 
0.03567014 0.03478244 
0.03546486 0.03515265 
0.04022622 0.03933052 
0.0342592 0.03415298 
0.03722721 0.03685416 
0.03651878 0.03621372 
