0.2219274 0.2196657 
0.2667674 0.2649903 
0.2512289 0.2501759 
0.2622113 0.2609883 
0.2572483 0.2559265 
0.2330584 0.2294306 
0.2615429 0.2614141 
0.2797824 0.2789998 
0.1829771 0.1811083 
0.2080548 0.2060254 
0.2453363 0.2431562 
0.2518224 0.2503113 
0.2486321 0.2471086 
0.2680973 0.2678139 
0.1824084 0.1813775 
0.2377947 0.2352724 
0.2324659 0.2301288 
0.2459815 0.2447174 
0.1875084 0.1859153 
0.2242306 0.2213882 
0.21239 0.209432 
0.2367142 0.2329996 
0.2400774 0.2379984 
0.239363 0.2372755 
0.2620412 0.2609274 
0.1773284 0.1768914 
0.2287834 0.2274612 
0.2767927 0.2757752 
0.2356693 0.2335669 
0.2622721 0.2613319 
0.1730699 0.1705921 
0.2585767 0.2573005 
0.2716376 0.2699876 
0.2754511 0.2752679 
0.266262 0.2649994 
0.1670214 0.1656124 
0.2608529 0.2608143 
0.2395941 0.2349276 
0.2204072 0.2181626 
0.2433476 0.2405096 
0.2660417 0.26416 
0.2511655 0.2491076 
0.2357473 0.2333025 
0.2672061 0.266898 
0.229556 0.2278873 
0.2310891 0.2276253 
0.1902658 0.1891989 
0.2528609 0.2480235 
0.2386688 0.237538 
0.251572 0.2506042 
0.2349773 0.2313292 
0.2544601 0.2535098 
0.2650012 0.2650605 
0.2577401 0.2569664 
0.2286628 0.2267031 
0.2143704 0.2107083 
0.2532418 0.252362 
0.2284712 0.2239849 
0.2391722 0.2355049 
0.2499736 0.2467918 
0.2126644 0.2110294 
0.2408234 0.2360724 
0.2599668 0.2585861 
0.2381452 0.2351563 
0.2473396 0.246011 
0.2457477 0.2450833 
0.2140299 0.2101329 
0.2669788 0.2664568 
0.2719986 0.27185 
0.2664856 0.2652666 
0.2470639 0.2434112 
0.2185091 0.21409 
0.2509783 0.2470914 
0.2682558 0.2665014 
0.2668273 0.265821 
0.2415947 0.2386902 
0.2435802 0.2416123 
0.2523393 0.2474259 
0.2377991 0.233567 
0.2610775 0.261073 
0.2024913 0.2012066 
0.2574091 0.2563542 
0.2423958 0.2396153 
0.2413213 0.2363474 
0.2462573 0.2422447 
0.2635294 0.2633781 
0.2430274 0.2414292 
0.2666492 0.266011 
0.1846649 0.1821936 
0.2593479 0.2583746 
0.2420234 0.2370376 
0.1832029 0.1814962 
0.2549304 0.2532503 
0.2496262 0.2474819 
0.2689411 0.2669111 
0.2484114 0.2463466 
0.2004381 0.1990393 
0.2579291 0.257434 
0.1867514 0.1853454 
0.208469 0.2069644 
