0.5676767 0.5676767 
0.6176247 0.6176247 
0.7925835 0.7925835 
0.7428079 0.7428079 
0.0921223 0.0921223 
0.09186809 0.09186809 
0.1045904 0.1045904 
0.1713683 0.1713683 
0.1335162 0.1335162 
0.1215982 0.1215982 
0.1672434 0.1672434 
0.2011535 0.2011535 
0.134194 0.134194 
0.09609103 0.09609103 
0.09992487 0.09992487 
0.6660119 0.6660119 
0.09530089 0.09530089 
0.1163518 0.1163518 
0.8277833 0.8277833 
0.1374401 0.1374401 
0.8144287 0.8144287 
0.1787818 0.1787818 
0.2102305 0.2102305 
0.1183984 0.1183984 
0.1338161 0.1338161 
0.08688433 0.08688433 
0.5744219 0.5744219 
0.4599172 0.4599172 
0.1003194 0.1003194 
0.771536 0.771536 
0.1381636 0.1381636 
0.4393193 0.4393193 
0.1170367 0.1170367 
0.08132641 0.08132641 
0.2025197 0.2025197 
0.09494717 0.09494717 
0.7736277 0.7736277 
0.100731 0.100731 
0.1631441 0.1631441 
0.1190621 0.1190621 
0.1112194 0.1112194 
0.4866382 0.4866382 
0.4073101 0.4073101 
0.7959272 0.7959272 
0.09407615 0.09407615 
0.7506547 0.7506547 
0.109351 0.109351 
0.1050848 0.1050848 
0.4549428 0.4549428 
0.1235126 0.1235126 
0.1136568 0.1136568 
0.7497109 0.7497109 
0.1005997 0.1005997 
0.09983821 0.09983821 
0.1137411 0.1137411 
0.09298825 0.09298825 
0.1283538 0.1283538 
0.7747413 0.7747413 
0.6391995 0.6391995 
0.767354 0.767354 
0.1652905 0.1652905 
0.2611193 0.2611193 
0.6947056 0.6947056 
0.07558841 0.07558841 
0.8598665 0.8598665 
0.9040192 0.9040192 
0.1304691 0.1304691 
0.1014632 0.1014632 
0.8135406 0.8135406 
0.09273593 0.09273593 
0.113357 0.113357 
0.601521 0.601521 
0.2086657 0.2086657 
0.1015172 0.1015172 
0.1109301 0.1109301 
0.1018438 0.1018438 
0.7385606 0.7385606 
0.8086988 0.8086988 
0.7704249 0.7704249 
0.5804484 0.5804484 
0.5009193 0.5009193 
0.1161725 0.1161725 
0.09687791 0.09687791 
0.8238886 0.8238886 
0.1163733 0.1163733 
0.09809667 0.09809667 
0.1358311 0.1358311 
0.6958537 0.6958537 
0.09167429 0.09167429 
0.07729941 0.07729941 
0.7801852 0.7801852 
0.0961117 0.0961117 
0.135973 0.135973 
0.4392131 0.4392131 
0.8736697 0.8736697 
0.09288745 0.09288745 
0.8904391 0.8904391 
0.1009556 0.1009556 
0.5486754 0.5486754 
0.1025955 0.1025955 
