0.03763705 0.03636998 
0.0334361 0.03363676 
0.04563411 0.04461493 
0.0366641 0.03566866 
0.03776065 0.03711759 
0.04026147 0.03746865 
0.03676354 0.03669912 
0.09403786 0.09168186 
0.03875441 0.03722966 
0.1026144 0.1001266 
0.1003701 0.09795941 
0.03641943 0.03607684 
0.03649825 0.03589172 
0.03835877 0.03766343 
0.03574331 0.03406593 
0.03768206 0.03694068 
0.03692875 0.03576144 
0.0349847 0.03448452 
0.03742523 0.036703 
0.04033949 0.03746676 
0.03335319 0.03343044 
0.03438744 0.03370086 
0.03426196 0.03394285 
0.03667792 0.03602845 
0.03690297 0.03574478 
0.03662731 0.03555917 
0.03754612 0.03690053 
0.03952984 0.03860732 
0.03698323 0.03672509 
0.03339701 0.03245694 
0.03583962 0.03518466 
0.03472741 0.03383036 
0.0335706 0.03371657 
0.03114966 0.03090127 
0.03630929 0.03565412 
0.03503218 0.0353194 
0.03569359 0.03393152 
0.0348929 0.03396637 
0.03677709 0.03625298 
0.03772359 0.03616966 
0.03541309 0.0343026 
0.03261652 0.03195276 
0.03924021 0.03801359 
0.03497393 0.03358968 
0.03578205 0.03538193 
0.09471191 0.09249889 
0.03481878 0.03428355 
0.04211776 0.03959522 
0.04036724 0.03993947 
0.03553407 0.03489319 
0.03567829 0.0364765 
0.03838665 0.03698732 
0.03613351 0.03520705 
0.03666737 0.03650915 
0.0330365 0.03254311 
0.07360806 0.0700138 
0.09861576 0.09254637 
0.03738084 0.0372051 
0.03630299 0.03548248 
0.04039516 0.03742205 
0.1016329 0.09938209 
0.03778169 0.036507 
0.03493498 0.0344531 
0.03611007 0.03488562 
0.03602709 0.03510295 
0.03604183 0.03573947 
0.03391437 0.03288773 
0.0409477 0.04047814 
0.03639644 0.03509865 
0.03720976 0.03661288 
0.03744256 0.03640995 
0.03604221 0.0350686 
0.0377167 0.03739274 
0.03835741 0.03719567 
0.09666884 0.09228713 
0.03315735 0.03127053 
0.03651067 0.03514833 
0.03435319 0.03386386 
0.03195483 0.03176379 
0.03501921 0.0341575 
0.03487507 0.03446914 
0.03653193 0.03491647 
0.03454582 0.03395345 
0.03374733 0.03363409 
0.03701477 0.03556294 
0.0378583 0.03669907 
0.03726042 0.03613937 
0.03597013 0.03378923 
0.03447527 0.03436927 
0.03654736 0.03524229 
0.03730419 0.03731467 
0.03612668 0.03478354 
0.03614948 0.03512575 
0.03490553 0.0331438 
0.038776 0.03811988 
0.03541477 0.03550393 
0.03932157 0.0387814 
0.03508762 0.03498065 
0.03406635 0.03361897 
0.03527843 0.03316516 
