2.043895 2.7118 
1.857597 2.43985 
2.063593 2.687046 
1.910418 2.506869 
2.036175 2.668366 
2.307058 2.998806 
2.366635 3.06102 
2.289928 2.98743 
2.324354 3.030678 
2.256646 2.878381 
2.313992 2.991952 
0.7232883 0.9999168 
1.067913 1.586478 
1.105273 1.646254 
1.029788 1.609997 
1.013118 1.52258 
1.306375 1.847317 
1.359345 2.005256 
0.956053 1.450467 
1.188836 1.697305 
1.138897 1.71614 
1.170482 1.72949 
1.31905 1.568154 
0.9721696 1.210768 
0.8734295 1.09463 
1.236881 1.618254 
0.8308794 1.055203 
1.594703 2.163015 
0.8948176 1.539759 
1.386665 2.02667 
1.019554 1.515883 
1.409871 1.987359 
1.793789 2.34322 
1.801775 2.393039 
1.048954 1.4865 
1.021811 1.437174 
0.9693904 1.342566 
0.5611687 1.005431 
0.5321999 0.7792921 
0.5735862 0.812573 
1.92128 2.606515 
0.5143771 0.7635882 
0.8541412 1.100037 
0.9792821 1.456053 
1.316269 1.973233 
1.246608 1.578175 
1.252744 1.787001 
1.195072 1.847251 
1.292835 1.935452 
1.152936 1.722483 
0.9281518 1.170138 
0.5016747 1.087578 
0.5337608 0.7797172 
1.323817 1.721016 
1.219893 1.602437 
1.218558 1.716528 
1.116735 1.731856 
1.090258 1.504317 
1.289282 1.829258 
0.5248804 0.7800717 
0.5744214 0.8227625 
1.174237 1.77476 
1.136489 1.626154 
1.227735 1.788279 
0.5887723 0.8654034 
0.4701092 0.707123 
0.8148069 1.174865 
0.4777827 0.711879 
0.4773562 0.7208447 
1.081484 1.399756 
0.8424807 1.360436 
0.489887 0.7328165 
0.4628937 0.6934612 
1.734982 2.135072 
1.254731 2.23713 
1.083937 1.375434 
1.405004 1.950626 
1.650259 2.163236 
0.4764614 0.7109671 
1.362897 2.103307 
0.5066924 0.7627442 
1.202227 1.806049 
1.329307 2.001413 
1.214997 1.81833 
1.197329 1.66449 
0.8067508 1.064503 
1.084448 1.570553 
1.066027 1.50332 
0.8521283 1.20447 
0.7835398 1.112611 
1.251978 1.851386 
1.231487 1.835099 
1.228325 1.788233 
1.208506 1.801935 
1.117126 1.67828 
0.5963395 0.8636072 
0.7546639 1.027991 
0.740011 1.002325 
1.072492 1.343645 
0.6479199 0.8943872 
