0.04167167 0.03762903 
0.04849583 0.04037185 
0.04575173 0.03816725 
0.04802774 0.04017382 
0.04572604 0.03584985 
0.0383888 0.03375743 
0.05313993 0.04515822 
0.04314508 0.03975906 
0.04171867 0.03637264 
0.05055795 0.0431917 
0.04840727 0.03903551 
0.0512111 0.040478 
0.05227015 0.04225836 
0.04206268 0.0384925 
0.05096643 0.04034893 
0.05070234 0.04703851 
0.04271409 0.03601587 
0.05043761 0.0397251 
0.0496353 0.03636949 
0.04747806 0.04154289 
0.04869009 0.04286431 
0.05632159 0.04423758 
0.03951221 0.0366023 
0.05080291 0.045526 
0.04185914 0.03845716 
0.05363487 0.04596532 
0.05752605 0.05025673 
0.04698331 0.03862281 
0.04220379 0.03707472 
0.04445807 0.03921386 
0.05411418 0.03947029 
0.03982877 0.03417098 
0.05032445 0.03792302 
0.04360946 0.03591996 
0.03942098 0.0358044 
0.04929466 0.04714077 
0.05658905 0.05087437 
0.04982217 0.04154539 
0.04553669 0.03897786 
0.04278844 0.03691693 
0.04956737 0.03897832 
0.04232375 0.03705033 
0.06027704 0.04885315 
0.04538535 0.03911646 
0.05929486 0.04521384 
0.04993357 0.03932125 
0.04170971 0.03506534 
0.05011032 0.04560412 
0.04974706 0.04821991 
0.03890453 0.0330068 
0.05760724 0.04757759 
0.059836 0.04429053 
0.05662961 0.04387632 
0.04594864 0.0406635 
0.04963462 0.04216523 
0.04653715 0.04085998 
0.05242011 0.04040388 
0.05969974 0.04958361 
0.05892621 0.04967533 
0.0524642 0.04206576 
0.05044081 0.04227917 
0.04527424 0.03859196 
0.04384237 0.03701256 
0.04452771 0.0393984 
0.05124876 0.04053056 
0.04771396 0.03888152 
0.05470598 0.04936173 
0.0419513 0.04224131 
0.05624258 0.0431756 
0.05154032 0.04213094 
0.0383978 0.03431258 
0.04831615 0.0389681 
0.04446191 0.04277764 
0.04992404 0.0427791 
0.04927627 0.04852599 
0.04835182 0.04176491 
0.04495591 0.0398997 
0.05030263 0.04054916 
0.04547838 0.04065649 
0.04119733 0.03303407 
0.04917117 0.04138527 
0.04525801 0.03648502 
0.05159215 0.03698319 
0.05022344 0.04925025 
0.04764502 0.03675393 
0.04600786 0.04197974 
0.05004879 0.05588752 
0.04057609 0.03715844 
0.04490739 0.04172618 
0.04730634 0.0416382 
0.04114081 0.03418697 
0.05315551 0.04831284 
0.04878569 0.04560937 
0.03839165 0.03402237 
0.0455561 0.0407843 
0.04174922 0.0379053 
0.04430861 0.0411179 
0.0426755 0.03597389 
0.05589189 0.0516562 
0.04645012 0.03402452 
