0.7638073 1.045885 
0.7304702 0.904021 
0.7957616 1.080261 
0.7925265 1.041449 
0.8007624 0.9624743 
0.776525 1.052008 
0.8051126 1.001671 
0.8337829 1.076741 
0.7905653 0.9654319 
0.7910745 0.9909821 
0.7665787 1.040747 
0.8100615 0.9725597 
0.8663485 1.057492 
0.6425195 0.9948957 
0.5854142 0.8362842 
0.6024015 0.8942928 
0.6123087 0.8726459 
0.5533552 0.8337526 
0.6126492 0.7810771 
0.584367 0.8358347 
0.5681062 0.8410618 
0.5035818 0.6577799 
0.5243566 0.7738752 
0.5107894 0.6634054 
0.3242447 0.5562038 
0.5596206 0.8124163 
0.2859213 0.5809262 
0.6087716 0.8962541 
0.6221633 0.9152052 
0.6807067 0.9806328 
0.3431783 0.5285861 
0.3032348 0.4794698 
0.4190145 0.6060801 
0.3167224 0.489481 
0.3142707 0.5830905 
0.5285823 0.7446525 
0.5471797 0.8110666 
0.5127597 0.7243583 
0.3643131 0.6328647 
0.4413838 0.7147412 
0.3242087 0.5105371 
0.3120592 0.6249318 
0.3343153 0.5165403 
0.6103568 0.8836393 
0.603807 0.8901489 
0.5710037 0.8579805 
0.3818145 0.5649865 
0.5643668 0.8459916 
0.5300488 0.7939146 
0.5176225 0.8076551 
0.3229096 0.6191843 
0.5368509 0.8139622 
0.3480821 0.5173247 
0.5554638 0.8246031 
0.3786559 0.7255397 
0.6448619 0.9851871 
0.8459454 1.188436 
0.3681958 0.6789362 
0.5807986 0.8989673 
0.5150747 0.8083961 
0.5652187 0.8881724 
0.572896 0.9051507 
0.4451518 0.6472828 
0.6033397 0.8940682 
0.3526578 0.6247866 
0.3558748 0.5937028 
0.6115451 0.8042252 
0.5871251 0.8833604 
0.6010933 0.8998296 
0.6819644 0.9932086 
0.6751089 0.8743615 
0.5835946 0.8147812 
0.3322523 0.6010814 
0.556864 0.8489742 
0.5423055 0.8245215 
0.5449924 0.8097286 
0.5169466 0.7973285 
0.351912 0.5390649 
0.3293564 0.5373592 
0.5557859 0.8632216 
0.3284535 0.5970807 
0.3487906 0.667511 
0.3266146 0.5033064 
0.3579307 0.5394337 
0.6286035 0.9321752 
0.8775015 1.191007 
0.3651605 0.5378759 
0.3124654 0.5799429 
0.5127149 0.7864559 
0.2999597 0.4606297 
0.4753098 0.674098 
0.4756458 0.6680722 
0.2351384 0.3722708 
0.2935047 0.4590499 
0.2389889 0.3776689 
0.1992168 0.3121946 
0.2363124 0.3688729 
0.2310238 0.3562939 
0.2021434 0.3183622 
0.3459165 0.4796031 
