0.03518522 0.0343206 
0.04039339 0.03978609 
0.03665808 0.03600184 
0.0368121 0.03618153 
0.03410222 0.03324076 
0.03429354 0.03375894 
0.03788592 0.03781459 
0.03518201 0.03504968 
0.03801638 0.03784661 
0.03540225 0.03455127 
0.03122598 0.02970416 
0.03467919 0.0342816 
0.03642871 0.03572225 
0.03626542 0.03532948 
0.03934804 0.0388506 
0.03520392 0.0339325 
0.03728066 0.03609919 
0.03376805 0.03390915 
0.1126039 0.1060311 
0.03628025 0.03554086 
0.03613622 0.03557203 
0.0353786 0.03426396 
0.08865903 0.08661199 
0.04029908 0.04027686 
0.03497298 0.03433466 
0.0359848 0.03574917 
0.03994929 0.03943135 
0.03537966 0.0345316 
0.03592198 0.03483063 
0.03379513 0.03293807 
0.04011699 0.03854465 
0.03731667 0.0367157 
0.03982594 0.03911134 
0.03268894 0.03165715 
0.03655995 0.03552071 
0.036429 0.03615623 
0.0352327 0.03470118 
0.03554821 0.03447294 
0.03237515 0.03164564 
0.03541271 0.03420214 
0.03418283 0.03366868 
0.03802015 0.0365313 
0.03508827 0.03469263 
0.04312916 0.04239897 
0.03342122 0.03285784 
0.03581358 0.03475082 
0.03362657 0.03287487 
0.03255424 0.03242948 
0.03537399 0.03476869 
0.03683949 0.0355784 
0.03463672 0.03385104 
0.03455372 0.03412149 
0.03451864 0.03346957 
0.03314642 0.03262633 
0.03717368 0.03737164 
0.03892132 0.03805953 
0.03407705 0.03303787 
0.03468605 0.03488074 
0.0408544 0.03988963 
0.02907974 0.02793493 
0.0395145 0.03934703 
0.03519522 0.03539193 
0.03822285 0.037886 
0.03675916 0.03629458 
0.03823991 0.03610765 
0.0383211 0.03797193 
0.03856611 0.03634607 
0.03492865 0.03385461 
0.04004899 0.03874621 
0.03379988 0.03329816 
0.09737809 0.09341893 
0.03756873 0.03655323 
0.03892787 0.03815669 
0.03578722 0.0349003 
0.03617508 0.03480471 
0.03827559 0.03776189 
0.03552026 0.03551949 
0.03398511 0.03364594 
0.03790308 0.03679393 
0.03465467 0.03411684 
0.03595813 0.03442816 
0.03718232 0.0364868 
0.03419778 0.03287937 
0.03315575 0.03254062 
0.03443471 0.03332228 
0.03417061 0.03348206 
0.0351452 0.03466049 
0.03404386 0.03365106 
0.03892159 0.03821249 
0.03425479 0.03403496 
0.03443434 0.03321194 
0.03577113 0.03515436 
0.03757908 0.03632759 
0.03199632 0.03091951 
0.03498237 0.03442496 
0.03549266 0.03374369 
0.04140693 0.04081608 
0.03283372 0.03234646 
0.03571036 0.03455643 
0.03565589 0.03462653 
