0.09854957 0.09854957 
0.07609176 0.07609176 
0.09052388 0.09052388 
0.08388924 0.08388924 
0.08839138 0.08839138 
0.08214417 0.08214417 
0.08518975 0.08518975 
0.08045187 0.08045187 
0.08423043 0.08423043 
0.08221239 0.08221239 
0.07825123 0.07825123 
0.08488801 0.08488801 
0.07735236 0.07735236 
0.08206598 0.08206598 
0.0785659 0.0785659 
0.05707683 0.05707683 
0.08766398 0.08766398 
0.07115378 0.07115378 
0.09264421 0.09264421 
0.07271225 0.07271225 
0.08495765 0.08495765 
0.09334888 0.09334888 
0.05802502 0.05802502 
0.07615826 0.07615826 
0.08239736 0.08239736 
0.08070499 0.08070499 
0.09173866 0.09173866 
0.07391545 0.07391545 
0.08999731 0.08999731 
0.08194696 0.08194696 
0.08490157 0.08490157 
0.08608824 0.08608824 
0.3544384 0.3544384 
0.05704019 0.05704019 
0.08664314 0.08664314 
0.08185009 0.08185009 
0.3657516 0.3657516 
0.08294109 0.08294109 
0.07774762 0.07774762 
0.09309574 0.09309574 
0.075987 0.075987 
0.08407666 0.08407666 
0.08440308 0.08440308 
0.08918748 0.08918748 
0.09131461 0.09131461 
0.06425962 0.06425962 
0.446671 0.446671 
0.08808207 0.08808207 
0.4223164 0.4223164 
0.0883508 0.0883508 
0.08829376 0.08829376 
0.08748082 0.08748082 
0.09938167 0.09938167 
0.07249935 0.07249935 
0.4033176 0.4033176 
0.09118759 0.09118759 
0.0781618 0.0781618 
0.08248779 0.08248779 
0.05336802 0.05336802 
0.07787967 0.07787967 
0.08412212 0.08412212 
0.0770054 0.0770054 
0.08399033 0.08399033 
0.07170103 0.07170103 
0.0872391 0.0872391 
0.3195554 0.3195554 
0.08671027 0.08671027 
0.09772115 0.09772115 
0.08331651 0.08331651 
0.07546147 0.07546147 
0.07785719 0.07785719 
0.0790514 0.0790514 
0.08841431 0.08841431 
0.0828412 0.0828412 
0.07576454 0.07576454 
0.05216907 0.05216907 
0.08369173 0.08369173 
0.09514415 0.09514415 
0.08591402 0.08591402 
0.0761985 0.0761985 
0.07740129 0.07740129 
0.08547662 0.08547662 
0.08266186 0.08266186 
0.06933072 0.06933072 
0.07954119 0.07954119 
0.08005283 0.08005283 
0.07113245 0.07113245 
0.08384989 0.08384989 
0.07999826 0.07999826 
0.0892806 0.0892806 
0.08590088 0.08590088 
0.07793156 0.07793156 
0.07833814 0.07833814 
0.09379693 0.09379693 
0.06728417 0.06728417 
0.07494792 0.07494792 
0.09044339 0.09044339 
0.076176 0.076176 
0.07500177 0.07500177 
0.08216649 0.08216649 
