0.260848033914047
0.247940145391969
0.286596695020354
0.246349744781697
0.370181341815019
0.292179984259077
0.339512324241577
0.266909076552544
0.336826765187214
0.283263145216868
0.373430616108024
0.248029230440956
0.259530748612496
0.243827018948679
0.257582815742814
0.282196660506978
0.317649162505953
0.302036806552544
0.25761190006696
0.239183996555132
0.323483620315122
0.277884094764617
0.264764935468662
0.343186822402194
0.246633891598143
0.393979128665574
0.273135992870816
0.237672586449481
0.255136965128463
0.341948237813432
0.233321114085091
0.314390474731313
0.290500829501275
0.333957184865322
0.238911012539465
0.276113864827341
0.307909624719694
0.330525636367338
0.423302754885427
0.359669082839234
0.266673519743772
0.265466508385985
0.239470455985544
0.231444789249756
0.234329713657667
0.281858475612723
0.285594092542685
0.252236538199213
0.3760573123256
0.295263221750614
0.242799466935249
0.311044355437863
0.337174877900065
0.239832714100911
0.277650644459964
0.344694150576492
0.296553721270444
0.281767421491911
0.276109974014161
0.243125795162099
0.265981249075747
0.246268278961138
0.322350675543535
0.278561756160464
0.268620926247564
0.251641844787397
0.258194349447382
0.333291877532701
0.289318107218728
0.26831578002807
0.282636484275045
0.330580946055653
0.276990250138353
0.23000211308925
0.286603782668677
0.312953997098401
0.244171746820213
0.266829523307727
0.253511226302185
0.312113926482397
0.303788803787987
0.288936422254494
0.303536435185475
0.311691238377832
0.240163570215108
0.209332657650421
0.340020505371278
0.428210614882547
0.35475075845243
0.331831435358582
0.264003074478615
0.240286186721914
0.253420913926041
0.248841250922397
0.340570927561611
0.384842652423098
0.27541709816761
0.28116885668134
0.345584880634813
0.327956962372656
