0.373254668668528
0.284026983867917
0.248387319604877
0.292116019794217
0.338211355526114
0.257665447508528
0.286401651079301
0.39678974504297
0.258798462943534
0.24403310722639
0.332229956580172
0.278010987651514
0.33913371610216
0.297677220497376
0.251718143406043
0.262068205782153
0.343666466246154
0.287788181934047
0.272966315430241
0.315924239259257
0.295409882164288
0.280015387374086
0.238997350676637
0.276026620988204
0.244014780621227
0.256188347568463
0.74164133313674
0.266784674265927
0.234293166504585
0.28613353665952
0.285915938116893
0.291165043596566
0.410064129347398
0.272313614585034
0.292371464420284
0.350146148497712
0.307850693092097
0.340809920633708
0.231529582929106
0.38184545188121
0.242836403060914
0.294069514327566
0.242984048995953
0.239800617531205
0.332005686879673
0.249106505799637
0.310757602231984
0.277141491709541
0.252626793683218
0.268341615978223
0.2793231343021
0.259324520204824
0.281395227685627
0.276238470224344
0.331536318184523
0.258124867343289
0.290156114783064
0.288276441290483
0.25728895362179
0.253937274007958
0.244164274395122
0.268945773068112
0.311023609112833
0.310628390735903
0.218304605484578
0.319524325465743
0.274756501984345
0.299368855010049
0.310232865877266
0.435253938200447
0.281953416997809
0.308971513355529
0.289017072091543
0.354787571586277
0.258584625411029
0.263482750639935
0.404489068015596
0.245393238499463
0.651900462697109
0.230110414219703
0.249262578430198
0.343928780819622
0.331330943396247
0.263779083257487
0.275449361320796
0.332064079217502
0.367886097028535
0.340620909634805
0.260963071820841
0.285003744017455
0.347854699516792
0.286304717550641
0.251329708357264
0.25661149960344
0.253549960649292
0.240828604444579
0.298137492070347
0.339438130335645
0.251855281922238
0.266686176688713
