0.331330943396258
0.281155492778853
0.250354096750229
0.249119503928073
0.273805052145145
0.272360162904605
0.264138996913958
0.266602309653607
0.254711989080135
0.284314514038533
0.252060997750257
0.30385194786116
0.253465866074723
0.244250031294512
0.341376596221748
0.36320577706073
0.337364421432007
0.237063432288371
0.274048643604339
0.246223727748487
0.338187798120204
0.243864107276283
0.256639339556241
0.333258604855688
0.262976475422715
0.272673491508286
0.386411376445726
0.285854955162613
0.369908837577603
0.295996147067636
0.278103271013579
0.336275010475736
0.292757319234137
0.251592084749361
0.373254668668524
0.260109593800442
0.229861099577307
0.259842615089313
0.277602579698576
0.304044799103394
0.244254541892029
0.251619595677814
0.281240410543618
0.312275409848266
0.257665447508526
0.321901764879834
0.403119014830719
0.336372280538974
0.269809910678667
0.343235956616684
0.280871120404508
0.292999265080589
0.334212779064483
0.393819295190383
0.292239072168986
0.243260353970393
0.295693420069392
0.332987644030727
0.240293428635385
0.296753738665448
0.231529582929106
0.298719372652461
0.252352356972022
0.301792394312444
0.330045976931385
0.344235119430705
0.276715605918499
0.279136201352361
0.278430931130733
0.293931627407256
0.248047259273984
0.300782816974334
0.26678467426593
0.330149790497077
0.279991015252817
0.275322753743202
0.24724521227595
0.249029734627471
0.350146148497713
0.278677206674515
0.269325605587171
0.286197150547004
0.238803537810384
0.387905412702417
0.322134595934847
0.27035481588571
0.299216517461413
0.328937325728337
0.289899636219937
0.268408830151288
0.252399393167915
0.21517533458962
0.311692586652095
0.311888544832432
0.247931278975072
0.25778930458818
0.303433186336748
0.354787571586267
0.323593724283585
0.361584792860035
