0.245299118703815
0.243630423309162
0.306111583534413
0.235756991037018
0.274864117667385
0.269318973047351
0.247795565686971
0.240712005080046
0.296799507054924
0.231536161808876
0.283401213768769
0.269935170521656
0.253771852018642
0.239516786996965
0.325503152384763
0.277665233685962
0.285090713875895
0.311603454576484
0.252910170810991
0.293962994520653
0.276340589517995
0.268127266477392
0.252939225478629
0.251481937308366
0.280327043394547
0.275214671384198
0.251188890031435
0.287150568804174
0.256738105776884
0.2962679195461
0.285603129414565
0.346241008954273
0.263269816893862
0.241671787404226
0.254160290893752
0.23060907603608
0.256142475793257
0.297892362809925
0.345965139879423
0.289780905476537
0.240199509016804
0.325923697704832
0.253398137766462
0.249111961352405
0.219441087369777
0.301459315100765
0.301482942276491
0.353480020535034
0.244133274669977
0.302643624889628
0.268293754365831
0.368315737059137
0.275351954889025
0.261483253188578
0.250488084700495
0.233323504720498
0.26509653888801
0.257340296011032
0.260224438692351
0.246181874225761
0.274846036646237
0.28601914234754
0.285592785703382
0.325600873156006
0.243270563411012
0.275419936882582
0.286906518534438
0.260627083644198
0.276742407327262
0.278407834211019
0.235216438973243
0.23297266415332
0.281795025005369
0.229379016604522
0.245752864598742
0.320074208759679
0.261438262364525
0.317363631181663
0.237349651766315
0.318520934426512
0.339266531754732
0.288488100883125
0.283346207953921
0.330576354217229
0.237005677510358
0.279891232577163
0.284396952493326
0.242028285063972
0.26011055491799
0.255051799341181
0.249602525956613
0.277478789113429
0.245587908509905
0.284305229494414
0.286837581533088
0.306568938138102
0.291173026809516
0.237226291712302
0.276045504765699
0.245027055491515
