0.284772884132296
0.330606081452301
0.311896689157967
0.333074751322148
0.287591040058695
0.291874387062082
0.295238011006743
0.276400452619254
0.247914973373967
0.291855982174609
0.259201185892119
0.296408245057392
0.280984873161395
0.258511261360718
0.249323151191663
0.22064493929494
0.238387277659309
0.265006506978908
0.246335441914218
0.290241284537625
0.294698644769051
0.26069156016419
0.290011477595873
0.268257532952081
0.233301853566011
0.241091345009757
0.254426347015024
0.246514877336605
0.262259778079334
0.248326712166156
0.237094119046889
0.290690511126862
0.268272692855847
0.273747171413677
0.261723547140043
0.278148352376278
0.322242397156492
0.287551165415493
0.262901824439244
0.271735190772581
0.292869352760567
0.304538738785576
0.292905015060196
0.255660925398147
0.267777335199975
0.250985314011575
0.247419943095122
0.247051905795182
0.290437102838098
0.289175808000309
0.245552945979523
0.272973312085883
0.304946792120919
0.248171967045774
0.230842030491888
0.244017398389744
0.245853131342849
0.314543541895417
0.307675850544712
0.256130285799962
0.242790591623951
0.329765864220809
0.280172832253635
0.286842059917845
0.250988153146144
0.289764549719204
0.217807992613489
0.296675351689222
0.308674404166972
0.266333236416685
0.222447361039707
0.28210915036498
0.306868602711593
0.247257312990988
0.26855933354537
0.275953047917613
0.271871147271886
0.308483774003615
0.320946371882772
0.278899056967642
0.240635254576787
0.23015624097456
0.25192089409157
0.230137523068142
0.24016635466773
0.293333863408019
0.325847135711525
0.308131939686148
0.264384010173019
0.266754099665632
0.268167979670622
0.276978994178054
0.301144403074905
0.253401678708262
0.259552748715806
0.288253360650824
0.25424777425336
0.245067811784019
0.245595455014278
0.246129965164766
