0.502684577071265
0.511037906938381
0.527256920602394
0.484285625538855
0.53524518188377
0.55296275822482
0.594552943318099
0.547767076450385
0.549240431765704
0.536065888260885
0.55612871169502
0.558961008227976
0.553640359495547
0.484369802889577
0.559517218234874
0.587486258742813
0.513724717106534
0.539331946088043
0.520565821320201
0.538912918487749
0.465119524168232
0.554396949510443
0.533432141075441
0.53209007279039
0.626349956342166
0.537048695248198
0.562836796124386
0.624583028641641
0.490351232001227
0.57735565067443
0.566092871078945
0.511555235526309
0.546188879039717
0.518427118360591
0.54604530806968
0.548518822206518
0.59555951067005
0.554384850029313
0.518228818634612
0.611665573806549
0.542557478402402
0.550425481330128
0.522465076624063
0.514998594324529
0.548103397565982
0.543699811041861
0.495251050019237
0.495164163805655
0.566463166582299
0.537076944382058
0.542263915102657
0.550525066679671
0.53579457775904
0.610834497035365
0.539582282958939
0.524745690451648
0.598729524069985
0.533666265910362
0.612888267671605
0.569911551948531
0.522952918202872
0.503489438939466
0.536326630269567
0.534102487250726
0.573895207057537
0.549776742982266
0.542143186234354
0.507500207398834
0.541992682405037
0.571515924820813
0.532753815086778
0.590048437410593
0.528227695805631
0.526884516087829
0.55340184563531
0.553006402573182
0.512101090177279
0.51529802384333
0.638928818393599
0.57969554926572
0.577807377216073
0.561071530055606
0.559976917789307
0.565077057199405
0.512861252633493
0.529469302863433
0.508458305968704
0.573143024392173
0.552186929040265
0.530834537172422
0.503928110458468
0.650231559383465
0.516778880321959
0.545445197032292
0.519805063331986
0.520780955621586
0.51908641692793
0.520949400097529
0.518227455750056
0.534828139113626
