0.270982973249992
0.308997397340816
0.314627665035566
0.28128713161393
0.338741240446814
0.31305700986086
0.27906106097287
0.294006065028412
0.302370310008401
0.370966710310111
0.254490473727386
0.30352279942276
0.264690705158211
0.302187768177755
0.255851393136142
0.24549943932637
0.262048755488159
0.236766436870401
0.281151259961768
0.26169509619762
0.287400050165818
0.300381868276766
0.265925337270223
0.264658257566647
0.303756956998871
0.322395732962433
0.323565155277287
0.257651577862516
0.320521357281205
0.30338757035168
0.302211461068814
0.278604084319738
0.304835866069883
0.277367385256036
0.282344982499407
0.275534266601843
0.257990343983415
0.252747457372621
0.262459520290582
0.285357937738733
0.266114858715586
0.278866711038651
0.328221883926041
0.374240578176207
0.248578705910131
0.266842812186495
0.315040993289982
0.25871836198701
0.323783736116446
0.429664774898803
0.2369320838658
0.30248820116803
0.313985226582671
0.294530338091976
0.257669408219339
0.275820561615155
0.338732530522286
0.319740830633913
0.290170841156643
0.299785086634318
0.289580510787329
0.281866428649783
0.291762159150032
0.265235775546987
0.245762115486665
0.282722392186936
0.341737084493672
0.339924451619546
0.356352997796364
0.368350761980308
0.300969668424716
0.302896166610363
0.275100159950233
0.267792738234231
0.28073715316608
0.279437673782132
0.367660890867983
0.355979507385764
0.28882000854498
0.256219237840078
0.247263036093649
0.320024422551737
0.367594062152058
0.293513871390499
0.262082350419648
0.309444273167309
0.252716388322588
0.240869615683827
0.281809995226335
0.273719332870538
0.28748330653337
0.26259974104341
0.263778675749443
0.353002108651641
0.336488566505125
0.258940029499435
0.278361607478227
0.266867397308284
0.300442238198802
0.248581530875994
