0.272504091262817
0.346194982528687
0.321864366531372
0.357016086578369
0.271198272705078
0.345499992370605
0.304124116897583
0.138690233230591
0.274968385696411
0.100789308547974
0.352654933929443
0.254855394363403
0.0774455070495606
0.243752241134644
0.244291543960571
0.0750324726104736
0.325598955154419
0.0924441814422607
0.349535226821899
0.134812355041504
0.122417449951172
0.0774967670440674
0.129810094833374
0.0761353969573975
0.114150524139404
0.131645441055298
0.129292964935303
0.11300802230835
0.150263071060181
0.130942821502686
0.126136302947998
0.0988802909851074
0.0934579372406006
0.129002571105957
0.125293493270874
0.126132249832153
0.124995231628418
0.136884212493896
0.148246765136719
0.118231296539307
0.139770984649658
0.184129953384399
0.12542462348938
0.143354415893555
0.122457027435303
0.138720750808716
0.130850076675415
0.13598895072937
0.119662284851074
0.151131868362427
0.136614322662354
0.153435230255127
0.139706611633301
0.112676382064819
0.132073879241943
0.138604164123535
0.10948920249939
0.142694711685181
0.135522127151489
0.126775503158569
0.136921167373657
0.150859832763672
0.157853603363037
0.13833212852478
0.123837471008301
0.120929956436157
0.108717918395996
0.131534814834595
0.129451751708984
0.112135410308838
0.0780065059661865
0.12229323387146
0.13270902633667
0.118286609649658
0.0856401920318604
0.108935832977295
0.123404264450073
0.140799045562744
0.112214803695679
0.134382247924805
0.133199214935303
0.118815898895264
0.125024318695068
0.0847642421722412
0.133466482162476
0.138796091079712
0.149335861206055
0.118102073669434
0.132725477218628
0.134993553161621
0.170496463775635
0.114814519882202
0.114310503005981
0.123684644699097
0.312581777572632
0.121488332748413
0.135677099227905
0.113019943237305
0.128145217895508
0.129013538360596
