13.6451516151428
17.5345456600189
17.8545260429382
18.0691368579865
18.1955692768097
18.9467327594757
21.4110152721405
21.859979391098
22.0105104446411
21.7111146450043
22.5548803806305
23.141464471817
23.0154905319214
21.2985954284668
27.8221299648285
19.9841864109039
17.8855309486389
17.3376605510712
19.6110334396362
17.6459794044495
20.2927138805389
21.1785144805908
18.0838887691498
16.7199470996857
18.4322428703308
19.4023079872131
21.9973628520966
16.7061491012573
19.663382768631
16.0068905353546
29.2690465450287
14.0757100582123
13.7444722652435
17.7260785102844
14.3864345550537
16.3152346611023
17.0962126255035
17.5509932041168
17.0227856636047
15.638076543808
13.1117203235626
14.6574690341949
20.6754801273346
18.0827467441559
10.0468807220459
14.5322327613831
15.3850402832031
14.5729689598084
13.8546669483185
12.5379738807678
21.4764633178711
18.0606753826141
12.0306196212769
17.5678911209106
18.2363502979279
18.0315289497376
18.5708384513855
12.9775450229645
18.8368880748749
14.7731301784515
16.444699048996
17.9558999538422
16.5133466720581
17.2987868785858
14.749392747879
15.3635256290436
15.1819560527802
16.7575550079346
15.3210020065308
13.5152215957642
11.8568630218506
15.4870429039001
14.6244003772736
12.3644201755524
16.1035792827606
14.5063982009888
14.1357128620148
17.6144456863403
15.1540558338165
14.035772562027
14.6059598922729
16.1971962451935
14.1412160396576
14.9319543838501
10.8325679302216
15.2253551483154
17.7575204372406
16.7870121002197
15.6790602207184
11.1265912055969
16.5282156467438
17.3455150127411
16.2418856620789
16.7245709896088
19.2737600803375
14.8178219795227
15.6054487228394
16.3618545532227
19.0610547065735
12.2213366031647
