2.52180767059326
2.50465273857117
2.89841938018799
2.50478196144104
2.97172474861145
2.65677952766418
3.13463568687439
2.50274205207825
3.12818360328674
3.16006112098694
3.11073327064514
3.25369572639465
3.42389106750488
3.58050465583801
3.61130094528198
2.11868381500244
2.35752987861633
2.51646852493286
2.59136629104614
2.48406338691711
3.07906651496887
2.15621066093445
3.02627062797546
2.62722301483154
2.64384603500366
2.61387610435486
3.06345105171204
3.37687659263611
3.22887134552002
3.27256631851196
3.04477214813232
2.44098949432373
2.28351211547852
2.23990821838379
2.04326748847961
2.60532522201538
2.41167306900024
2.27664566040039
2.56424188613892
3.24267411231995
2.47546720504761
3.36625289916992
2.72117137908936
2.34452486038208
2.64448642730713
3.33924150466919
2.87556886672974
2.54756736755371
2.39849233627319
2.89415645599365
2.26972889900208
2.58478093147278
2.5655357837677
2.80424737930298
3.77381253242493
2.29952645301819
2.71811509132385
3.50027346611023
2.49277210235596
2.73069214820862
1.94677352905273
2.44761538505554
2.90784621238709
2.65186405181885
2.38554382324219
1.97297167778015
2.57794713973999
3.86336374282837
2.19782018661499
3.24498558044434
3.37415742874146
3.17849898338318
2.96857261657715
2.412104845047
2.94385933876038
2.50111150741577
2.91412615776062
2.50541543960571
2.98935103416443
2.32084345817566
2.53339529037476
2.55082368850708
2.28811359405518
2.1921706199646
2.1284806728363
2.42354512214661
2.50409507751465
2.2955276966095
2.42409372329712
2.61297965049744
2.39394617080689
2.41267776489258
2.58912372589111
2.73006057739258
2.296870470047
2.50286316871643
2.5198450088501
2.49745202064514
2.91590881347656
2.31305766105652
