15.2193915843964
15.0646476745605
15.3745062351227
16.1060075759888
16.1389129161835
16.4675168991089
17.1836881637573
16.303314447403
16.4793567657471
17.068550825119
17.1448540687561
18.1945908069611
17.6725242137909
18.1590571403503
19.996551990509
22.9110090732575
13.0303626060486
13.0529458522797
16.2524445056915
15.3299579620361
16.6484308242798
15.8484399318695
17.2943336963654
18.7604756355286
16.9130392074585
16.5599987506866
15.4441759586334
19.0510377883911
19.1343760490417
17.0169024467468
16.1321880817413
14.6376914978027
11.6692340373993
15.4163448810577
15.3358798027039
11.9060432910919
13.5763020515442
13.1159744262695
15.2882654666901
14.0111048221588
15.9959831237793
14.9462652206421
13.0052220821381
15.9822421073914
11.7290964126587
15.4286847114563
11.1710617542267
14.0347187519074
12.5704760551453
13.2468047142029
13.8971569538116
12.9276249408722
13.7840886116028
13.4578831195831
12.7768952846527
16.9108920097351
13.0693123340607
11.908421754837
13.0269358158112
13.792964220047
15.2252781391144
12.5469193458557
15.3224749565125
13.4820759296417
11.3087868690491
13.9844608306885
16.2598617076874
13.0371072292328
12.6265916824341
14.4981055259705
14.7910425662994
15.436017036438
16.1477539539337
10.7687005996704
13.5521137714386
12.3360221385956
10.5468192100525
12.8069818019867
13.5151586532593
13.588870048523
14.9203507900238
10.7133572101593
16.6036655902863
15.0860209465027
14.6904575824738
12.0242512226105
11.8066127300262
16.8071477413178
15.8451082706451
17.530492067337
9.25612902641296
12.1989243030548
13.0550649166107
12.4833097457886
13.1874537467957
13.8478400707245
17.9052400588989
11.494446516037
15.464212179184
12.5399034023285
