5.20206952095032
5.22951030731201
5.36872315406799
5.69703125953674
5.57055115699768
5.31131792068481
5.60525822639465
5.66633248329163
6.52714133262634
6.00209069252014
7.09530687332153
7.5468635559082
7.55322790145874
7.93060946464539
8.3002233505249
4.93660402297974
4.90282297134399
4.80336570739746
5.38906908035278
5.46556782722473
4.92275023460388
5.75718188285828
6.45139455795288
4.82195472717285
5.96017479896545
4.88029527664185
6.53032398223877
6.32359886169434
4.99438381195068
7.41406416893005
7.36325931549072
5.63663339614868
5.18187832832336
6.28522443771362
5.66640114784241
5.57016158103943
5.20017886161804
5.4363956451416
5.05858874320984
5.60782742500305
5.4510190486908
6.06750845909119
5.17276644706726
5.27796578407288
5.39825916290283
5.93405985832214
5.01710987091065
4.95554733276367
5.20249438285828
5.01791715621948
5.57296133041382
4.98758769035339
5.00636434555054
4.97770977020264
5.04150080680847
5.0586462020874
4.83756494522095
4.75209856033325
4.62446761131287
4.92336511611939
5.23048162460327
4.81938529014587
4.81193399429321
4.80801153182983
4.87576174736023
4.78609848022461
4.96098375320435
4.59853315353394
4.63846468925476
4.92871689796448
4.69070553779602
4.71135592460632
4.7832465171814
4.58553791046143
4.73141670227051
4.67992305755615
4.69921374320984
4.69992709159851
4.94095158576965
4.74875259399414
4.75652551651001
4.99469208717346
4.71077370643616
4.61471962928772
4.64278721809387
4.62491512298584
4.55042409896851
4.74265861511231
4.77087497711182
4.50996112823486
4.55668449401856
4.59798526763916
4.51653242111206
4.58626055717468
4.59534287452698
4.56648707389832
4.57688236236572
4.65007519721985
4.45458292961121
4.37345695495605
