0.412442922592163
0.45456075668335
0.453080415725708
0.265176773071289
0.406195878982544
0.415527105331421
0.26688814163208
0.152198314666748
0.248289823532105
0.439060688018799
0.210634231567383
0.216333627700806
0.4493727684021
0.216259002685547
0.43346905708313
0.406170129776001
0.426079988479614
0.409392595291138
0.220869064331055
0.466982841491699
0.170665264129639
0.213733434677124
0.196008205413818
0.222923040390015
0.190509080886841
0.216505527496338
0.116028785705566
0.213730335235596
0.143063306808472
0.218285083770752
0.201733589172363
0.204993963241577
0.226203203201294
0.227459669113159
0.208556175231934
0.203808546066284
0.145925521850586
0.205061197280884
0.214275121688843
0.200678586959839
0.229991912841797
0.247591018676758
0.195589780807495
0.217859029769897
0.230901479721069
0.188604593276978
0.233521223068237
0.21155858039856
0.215371370315552
0.222965240478516
0.200376749038696
0.193952560424805
0.221379280090332
0.205389022827148
0.193859577178955
0.202519655227661
0.259661197662354
0.241040229797363
0.217622995376587
0.244990110397339
0.201900005340576
0.218210697174072
0.201059818267822
0.225457906723022
0.209280490875244
0.211908340454102
0.217988014221191
0.141521215438843
0.2276291847229
0.194490671157837
0.230679035186768
0.144466161727905
0.141682147979736
0.241556644439697
0.237126588821411
0.206872224807739
0.223540544509888
0.228743314743042
0.22538948059082
0.19511079788208
0.218928098678589
0.193323373794556
0.143007040023804
0.203984975814819
0.146803855895996
0.202318668365479
0.207912445068359
0.20078182220459
0.194222927093506
0.196287870407105
0.17521333694458
0.189603328704834
0.219071865081787
0.228145122528076
0.218493461608887
0.249372482299805
0.211951017379761
0.215380668640137
0.211788415908813
0.194376707077026
