0.0701718330383301
0.0702271461486816
0.0702030658721924
0.0720396041870117
0.0693747997283936
0.0715136528015137
0.0424168109893799
0.0708408355712891
0.0686192512512207
0.0711808204650879
0.0529410839080811
0.0760757923126221
0.073786735534668
0.070955753326416
0.0697846412658691
0.074934720993042
0.071115255355835
0.0730206966400147
0.0690948963165283
0.0526218414306641
0.070497989654541
0.0704224109649658
0.0738270282745361
0.0715525150299072
0.0694334506988525
0.0722119808197022
0.0743811130523682
0.0540120601654053
0.0488934516906738
0.0718109607696533
0.0719311237335205
0.0494623184204102
0.0707008838653565
0.0687422752380371
0.0738070011138916
0.0703363418579102
0.0695614814758301
0.0728950500488281
0.0760290622711182
0.0774092674255371
0.0787067413330078
0.075657844543457
0.0769059658050537
0.0766844749450684
0.0720078945159912
0.0697240829467773
0.0642309188842773
0.0717964172363281
0.0808095932006836
0.0711655616760254
0.0713109970092773
0.0780010223388672
0.0782585144042969
0.0715944766998291
0.0786035060882568
0.0650897026062012
0.0653238296508789
0.0732660293579102
0.0806207656860352
0.0982446670532227
0.0653181076049805
0.0664656162261963
0.0638792514801025
0.0635092258453369
0.0681760311126709
0.0654377937316895
0.0648789405822754
0.0593249797821045
0.0634949207305908
0.0651865005493164
0.0653531551361084
0.0662553310394287
0.0768253803253174
0.0662579536437988
0.065213680267334
0.063697099685669
0.0632956027984619
0.0481021404266357
0.0643131732940674
0.0655477046966553
0.0652878284454346
0.0664668083190918
0.0573294162750244
0.0648570060729981
0.066525936126709
0.0647268295288086
0.0652725696563721
0.0644464492797852
0.0378227233886719
0.0657820701599121
0.0435812473297119
0.04386305809021
0.0652141571044922
0.0648667812347412
0.0662112236022949
0.066443681716919
0.0640344619750977
0.0662994384765625
0.0504069328308106
0.0496211051940918
