0.243263887961087
0.24557945876872
0.330227854700774
0.205534814876002
0.43515043878556
0.295720075705458
0.738975983496716
0.587473584267166
0.326568023172525
0.187702758608606
0.463110618067552
0.20787206381066
0.222989185396542
0.794506925212135
0.582842954311778
0.225773359200471
0.204024542858849
0.466067173539863
0.665499432195122
0.203129839317052
0.219393829168301
0.661342443579515
0.484026995121068
0.2438223656657
0.209736773869433
0.300077902287791
0.986174866628923
0.666174413524229
0.344891590449299
0.160427614347396
0.23788080893862
1.14896543151546
0.197389578369553
0.189150348865841
0.165303474267588
0.447611342706585
0.325440932859014
0.583554788461232
0.205782681839454
0.694550796344937
0.252633213220627
0.298247405977209
0.169650759032891
0.426174753332099
0.257941368337931
0.48724400303174
0.390381129760797
0.485781752820554
0.229812712938789
0.216121997844747
0.565047672554525
0.903726106523346
0.158919528216546
0.300701288718764
0.233793380701667
0.747571361615849
0.784741445583093
0.189049085276629
0.240699561851503
0.360137191429545
0.253554310227028
0.350906556457945
0.243004136554835
0.244242621042275
0.29867784630387
0.476592524806809
0.404991841311596
0.156931769653128
0.266555491561584
0.58169000534061
0.725028114013437
0.227602389578676
0.238785807172595
0.163858739953545
0.32094124086787
0.265410563308774
0.55285002306509
0.270245815053717
0.350111606305514
0.691803879209986
0.239741556225587
0.201182235545812
0.229544823173062
0.221607392895623
0.223201292584768
0.193198346485368
0.237034419795948
0.402003030865302
0.21441458258313
0.249964119790724
