0.491582922594722
0.223672372096931
0.201155140653649
0.43002584615796
0.163926568222326
0.348515378305418
0.243776962314488
0.262745542193927
0.352603790348188
0.225589831697304
0.471506352035209
0.268945720019039
0.162025745995486
0.213612324794604
0.37803570420871
1.16985524499595
0.230036875013452
0.208143364927871
0.177465451937673
0.21914200949199
0.213384465147222
0.366858282403636
0.24391367547468
0.201690336385719
0.250885965401588
0.49278491063671
0.324332017616888
0.205764809752436
0.3340987571065
0.637787593549761
0.480208065294698
0.221776518126195
0.224727229325999
0.146174875929887
0.229924891397692
0.172180318920667
0.251272223288715
0.377481082480326
0.239708097884096
0.485950227937327
0.2956074221118
0.851909369939781
0.223472798172384
0.240169483025407
0.245470174325942
0.375493008089613
0.323847821856075
0.551964547708585
0.25014589726299
0.191264472241259
0.302791879730045
0.427298823548672
0.252972233053726
0.16201842351382
0.805749039293194
0.485237527777275
0.240856995146862
0.72455798547071
0.265759607195501
0.357391387922812
0.204487442952683
0.216020527231418
0.569030030398963
0.203660486618969
0.301306458979288
0.183212297968239
0.323401044861215
0.691227567687426
0.200885671193792
0.34838904299935
0.241951563316544
0.562913386701382
0.203713436337402
0.24831386900286
0.659095844137409
0.211340746231137
0.803681129170379
0.270850001902366
0.235746584387733
0.959775245577363
0.16034655687608
0.742061546252744
0.44384783600311
0.331127314390874
0.251133440582118
0.353440020401702
0.416085732286026
0.587234004526998
0.3284872566094
0.352528256767671
