0.284559349860386
0.653977179972926
0.549145926599018
0.187167685331902
0.293072837041609
0.25418731689499
2.20527704472255
0.378509389529099
0.338910400148482
0.549988968139598
0.381475594455099
0.296076614834276
0.244176681314696
0.261452187509696
0.616281865284296
0.450593135849959
0.211893514008512
0.21565689889435
1.04319002851304
0.220456132108332
0.233854971610154
0.285115772025028
0.363139754341781
0.46015577183328
0.357493777472023
0.615494341332094
0.381012718962018
0.646159044680029
0.188060331138409
0.402540155744848
0.310634837731195
0.21602407684275
0.21541855737861
0.205575029004983
0.335344533394735
0.627774138671615
0.360537046801935
0.287837234262414
0.332355879446808
1.90409597932924
0.273314129900068
0.194433591518662
0.171364658688385
0.167843380526455
0.638393284567841
1.42653712632889
0.381810376751092
0.31469906072978
0.39935559656133
0.262803354791456
0.471221513463258
0.218681776415522
0.387804663302643
1.79472989352968
0.25850718918276
0.314791802568395
0.223422675487543
0.364988148313847
1.04948889940035
0.542059948901427
0.448137099423661
0.29509617071542
0.344446459179956
0.252424186263697
0.265505279647151
0.186159950315632
0.429269086400674
0.261635699052987
0.456256413665643
0.380583678026325
0.32308856624364
0.588583421621414
0.393899377674423
0.230297544214791
0.317082845919971
0.385620781386155
0.399646024762214
0.219051908451543
1.13945521985531
1.39721341390643
1.2590754293217
0.278880440133081
0.241287303987467
1.19719568607025
0.299432194534202
0.326265262743594
0.166814059168234
0.198710918948867
0.222614287495934
1.33282847570633
