0.204043112181975
0.998963613468703
0.210450431638633
0.739027076597317
0.244108413908043
0.67008862668258
0.270232719467689
0.435258060261145
0.318168282738953
0.154802279327923
0.217886160693472
0.223082316082769
0.266271507762874
0.323654352803428
0.394111360851482
0.227559014432135
0.32150062199958
0.3000574024808
0.271596235006623
0.582337794297342
0.587993208825647
0.35030361718087
0.18734286606715
0.230645374956367
0.65789761940427
0.554021655329005
0.211884109543456
0.419193607345797
0.161117674009185
0.200738054300892
0.245675420985001
0.464816726482998
0.667068905861095
0.794559817009884
0.201867845534666
0.292774667316741
0.292407146807297
0.162014217341382
0.234220137954314
0.253601671251381
0.227421338925438
0.59954026495299
0.448182722334336
0.789573764383748
0.202692903090141
0.226727554925512
0.173388205837528
0.206047826098951
0.237547266923219
0.20029417452665
0.467989069903093
0.918577893168205
0.244084654405193
0.298083077702733
0.242974585137916
0.298512614505541
0.494520933853829
0.345950823092332
1.1488905669755
0.32577740792314
0.249538547986662
0.250745610659407
0.238081908099499
0.478398514731709
0.563761508228889
0.400637592835789
0.188541921953183
0.194564670079184
0.692113257404431
0.754514731793017
0.720517299737792
0.475879474430962
0.238163337747491
0.404659545543409
0.197390097122645
0.238331878451236
0.485501748497051
0.16414365523277
0.339864317201098
0.229107532520209
0.23802669455058
0.214731050567969
0.26502690956876
0.190098944800268
0.74966841242686
0.237107814769106
0.358506685453806
0.158811108590052
0.235363206877949
0.602647089419352
