0.56240847241488
0.202821159124896
0.2549399259177
0.217520640936899
0.215493592959535
0.396083566371315
0.255905205598483
0.26670764773777
0.493082931028051
0.459814623911386
0.359644884083636
0.89358856894001
0.189580792716465
0.181335265849007
0.328021360680127
0.184245514889042
0.553900757889992
0.329573605832706
0.306767767503212
0.410449891527024
0.507381919076238
0.251220275793479
0.381623005621467
0.462889970892599
0.335930067564213
0.273756389176941
0.247441710184231
0.241712444911739
0.46743868108244
0.364459945577066
0.28142780447722
0.316944587037117
0.47789804713788
0.156180807101598
0.240714581496278
0.421348900672111
0.391010494759045
0.305716934263461
0.370737165882795
0.78838463540299
0.999234981168129
0.241211440946891
0.168849636067372
1.32151105025616
0.257987569305654
0.214883056577609
0.210342548259243
0.320457236670753
0.162727825118112
0.251601765362926
0.203340595272506
0.599450936884808
1.16365954925756
0.189599268188713
0.215885301306811
0.300248696299661
0.209423908635237
0.188198738987403
1.13478968863034
0.306860420559894
0.192060924496371
0.198971315534043
0.303460374314366
0.413833894132776
0.259122367166413
0.173597639636128
0.200691803511915
0.861724834152187
0.219833512794373
0.284585041670512
0.526372806948912
0.217230424701408
0.201360346972412
0.32630263929798
0.714659050106225
0.189408786151708
0.33835119635783
0.279419783252881
0.510688446085121
0.180966519692412
0.192196110130187
0.545661462630925
0.896375964152811
0.206676723003012
0.359110965837022
0.542241080090488
0.211694592666467
0.313119999652019
0.322941249244671
0.252390494057269
