0.560392585508528
0.889272605261669
0.211386134401325
0.19896772426389
0.25799389399452
0.211570903142595
0.360182006927162
0.220636640953161
0.47862610564216
0.216934991250662
0.307170380716358
0.284585041670527
0.543500353844204
0.332068209524318
0.542497062881436
0.505415214199349
0.222613876971968
0.395419832010518
0.282384915916687
0.22067013275803
0.448508139540813
0.213046940410232
0.187335601149209
0.324291929268574
0.249720803487976
0.484878284976503
0.21460081161062
0.36108558642871
0.560603469352286
0.251518235623274
0.206893464426566
1.09287647661747
0.258044297244137
0.41756031815815
0.283431538174535
0.309274347573832
0.317798857256311
0.329207788302659
0.230494401370037
0.261577318483585
0.308557840512994
0.391099732124974
0.170730409661353
1.36787942477945
0.331195855321096
0.241474823029306
0.458911026462409
0.506834375765089
0.421348900672107
0.306428141717309
0.319708345641305
0.384192707434275
0.170853664570606
0.264683145706743
0.209512049029816
0.392804925653376
0.220443984314225
0.216639610657617
0.257745933104559
1.16166479683862
0.210297332688617
0.249045375770813
0.9529433966446
0.249499283229332
0.303807971393126
0.771692277165412
0.413346425894098
0.194533784003583
0.225383489689492
0.413516782650785
0.190600326606181
0.212301483865244
0.218023546786797
0.310788397262417
1.09254837302372
0.281155061238244
0.909173363184302
0.299459624185931
0.193040744489633
0.698878982196364
0.219793382969281
0.244094943745078
0.213007705800618
0.183337020933998
0.320389761531809
0.341413255844273
0.714278963559614
0.8568548086638
0.522991633157348
0.558203406415297
