0.4116661707376
0.152981688066698
0.21378407246704
0.66869572623264
0.549636015278661
0.296632752783433
0.574324462668122
0.317821489315132
0.219678056716802
0.172239346289188
0.316544382853489
0.231822143436949
0.347179767174074
0.578602335415054
0.267794424724588
0.39370345064284
0.442910397489206
0.546817296965807
0.266149479826889
0.166172606300419
0.363391214155107
0.22421212233875
0.753032339716562
0.254678990011658
0.327069374550016
0.449637883488922
0.227391207789469
0.198275753490282
0.203802262084424
0.216786817982357
0.475754779008737
0.214416379776193
0.591924884719064
0.262333541558257
0.310351006426843
1.08343690617553
0.565518363143208
0.245235748483968
0.26166874225592
0.442561616152042
0.209015283834132
0.202371079860569
0.658325551879696
0.17579749237543
0.49865706392091
0.29324899024588
0.445450833458677
0.157049251687237
0.211787747224085
0.225221712707678
0.205008994023461
0.399801302075274
0.468993048688724
0.299466781935218
0.232065151224151
0.255525626626993
0.216525538952283
0.532818420439241
0.695276996600378
0.230042781823227
0.227749855498483
0.703327633113737
0.258888887288965
0.472370318916199
0.22063143343985
0.226534945530051
0.261248260951817
0.195853766220525
0.777486468186881
0.227153956740349
0.21510327121055
0.161898540103284
0.557835477944395
0.296780246748566
0.330701843911524
0.241064959145178
0.635793031191711
0.198214954722313
0.413863906216201
0.157714323598147
0.218396714454908
0.643997692598446
0.177991825854099
0.243163766159111
0.311520537872752
0.203013840931161
0.180940025266382
0.667013893669476
0.481262916814876
0.381059153346017
