0.302979225327794
0.312565930139231
0.751719777458156
0.334357914318697
0.269739655570397
0.672079004362894
0.279688357830685
0.251705733041314
0.333335903902737
1.06287233755542
0.235335131211528
1.21834254775075
0.359156758888523
0.178203836026339
0.235841380152827
0.282184453394193
0.300645195319293
0.345491900894995
0.323204199871273
0.24254653442273
0.583306828954289
0.30978175167407
0.222018126400145
0.792655710056806
1.61384393122384
0.648083457063366
0.322528392868208
0.333919385145083
0.247006124292649
0.17916312235291
0.300264117355636
0.421288640368902
0.286629786086556
0.278697519135256
0.315646766011227
0.516637701077813
0.298533302066913
0.206614430806299
0.248364807103538
0.731109705761973
0.337144913969576
1.28238774812109
0.320799541343706
0.505598812807516
0.439011784841215
0.181253654723117
0.401252263757549
0.62121172486613
0.211756230404577
0.330022398169018
0.402094819031886
0.406650512977266
0.326539880024033
0.533724997129802
0.263378321514206
0.299027932387448
0.219394036726173
0.965787139720003
0.287626197038947
0.552439912838073
0.500897195689033
0.400618344898137
0.320612340091638
1.28909454731985
0.350447424045113
0.396520229507046
0.339252072772246
0.308250078260698
0.355469942140962
0.302903043418323
0.400416070632501
0.250512136634741
0.673592900670002
0.286492180045831
0.485095328303137
0.858641874980783
0.420926554572462
0.339485228308462
0.244580895290086
1.49345735122014
0.301157250253108
0.296932874433895
0.283073827695257
0.286081072723483
0.595564263474242
1.12258052949345
0.324525069353721
0.324577451217066
0.235005802943095
0.997114992486274
