0.506472084305772
0.647003935669037
0.663740647142132
0.469517100381566
0.574403804109556
0.550666930384218
0.458408778977126
0.758355295254577
0.537918294513022
0.389499175757028
0.5272167501363
0.624425826388323
0.521656021867658
0.633425393575521
0.525982054733165
0.618980761227578
0.485470682658196
0.466486643572765
0.586965557922812
0.456390321928781
0.485668138634364
0.645763452790198
0.408859351942711
0.487867754858343
0.463654352822996
0.43261145526759
0.467477907326307
0.329880523412477
0.603082470180048
0.701253021997261
0.576207489234358
0.561329104762766
0.550733905056266
0.436786568040622
0.541063904970151
0.429137510304238
0.966903729388253
0.511156186232856
0.288981717549345
0.418186467367649
0.400896902155379
0.396610375871524
0.569677773951471
0.511584758503973
0.66560917385894
0.741062934521836
0.57260602022499
0.553177790623411
0.363340967319794
0.46300572134538
0.414546521764209
0.421191691639333
0.594180521714986
0.5858731385065
0.499547516039643
0.593542387505133
0.442465337167184
0.338470829449529
0.646383130448496
0.561128512075752
0.788676881420945
0.623617024506281
0.579795560720688
0.385685447837041
0.521258569249327
0.421388128616141
0.354773100389767
0.572882665319559
0.446796277968341
0.503113230218163
0.408740942371148
0.55903390105323
0.861171563366862
0.301727373318961
0.542638841673973
0.3772694778533
0.647761173046303
0.428416463598633
0.644534985892131
0.527948878395088
1.33094684104683
0.762679416051551
0.676765937703758
0.522160912684812
0.526950112824397
0.675440495514509
0.597406582649211
1.95425985232788
1.40216813798882
0.640975603925168
0.485801667017648
0.250076809541757
0.24377740370177
0.286978261469397
0.87499594973123
0.333131440648584
0.507372192768643
0.324203005377598
0.344547908400624
0.308757685964505
0.326992848839404
0.375618897770921
0.487460971557342
0.425059304210697
0.396277919894238
0.349880551841141
0.442620681032769
0.264719567194562
0.27413823350257
0.471169740879551
0.487643692673558
0.446635869996855
0.906660107711392
0.563398489456829
0.406584051705313
0.674187988636946
0.550794421604877
0.389702433247458
0.654254401099045
0.365215190685621
0.431940760482697
0.422802387470467
0.302579661474069
0.589885070520344
0.304248545180248
0.308082996151984
0.34117625971591
0.313886509636183
0.3470733186228
0.761790532158304
0.421931879831579
0.292236145669803
0.301253986420561
0.259739221727437
0.2487016317507
0.363030946380358
0.443189533322307
0.422436947816482
0.537888185943476
0.635769547691948
0.473374735152008
0.822465546096478
0.344398705161861
0.551365253803724
0.315363840478447
0.418370373090877
0.431880877764252
0.479403637308377
0.248246589928886
0.376003099818412
0.489771551349571
0.263771078226654
0.386598502930396
0.342676796606128
0.664814657731875
0.484165738847913
0.720001562372113
0.31483798732294
0.330359330057367
0.270326597095318
0.352169088667103
0.314917305465267
0.382615061100704
0.322328091777752
0.364477603933521
0.235595995562973
0.530555183648778
0.327790336039639
0.381934681707101
0.304592960411443
0.541840182737573
0.517220779519605
0.399840809117583
0.350921583203468
0.453233978578582
0.494671781395816
0.891704832089929
0.449002972630573
0.338038944170588
0.502696450070676
0.485801667017648
0.250076809541757
0.87499594973123
0.286978261469397
0.24377740370177
0.333131440648584
0.507372192768643
0.344547908400624
0.324203005377598
0.326992848839404
0.308757685964505
0.375618897770921
0.487460971557342
0.425059304210697
0.396277919894238
0.349880551841141
0.442620681032769
0.27413823350257
0.471169740879551
0.264719567194562
0.446635869996855
0.487643692673558
0.550794421604877
0.906660107711392
0.406584051705313
0.563398489456829
0.389702433247458
0.365215190685621
0.674187988636946
0.422802387470467
0.654254401099045
0.589885070520344
0.302579661474069
0.431940760482697
0.308082996151984
0.304248545180248
0.34117625971591
0.313886509636183
0.292236145669803
0.2487016317507
0.3470733186228
0.421931879831579
0.301253986420561
0.259739221727437
0.363030946380358
0.761790532158304
0.443189533322307
0.537888185943476
0.422436947816482
0.473374735152008
0.635769547691948
0.822465546096478
0.344398705161861
0.315363840478447
0.551365253803724
0.431880877764252
0.418370373090877
0.479403637308377
0.248246589928886
0.489771551349571
0.720001562372113
0.263771078226654
0.376003099818412
0.386598502930396
0.342676796606128
0.31483798732294
0.664814657731875
0.484165738847913
0.352169088667103
0.330359330057367
0.382615061100704
0.314917305465267
0.270326597095318
0.322328091777752
0.235595995562973
0.364477603933521
0.530555183648778
0.304592960411443
0.327790336039639
0.541840182737573
0.517220779519605
0.381934681707101
0.399840809117583
0.350921583203468
0.494671781395816
0.453233978578582
0.891704832089929
0.449002972630573
