21.5177180767059
26.1266088485718
26.3067407608032
31.6261019706726
33.1332945823669
35.4285736083984
41.9571030139923
41.7593064308167
42.4164166450501
42.7623245716095
43.24840092659
52.9742429256439
54.6193132400513
54.2737112045288
55.0074999332428
27.324542760849
25.8209738731384
59.3171861171722
59.7077276706696
1.0084180355072
1.02592825889587
38.7115457057953
1.11189086437225
31.0495228767395
35.4538412094116
49.7088689804077
1.23831007877986
32.0242547988892
1.27975986003876
1.30103988250097
34.3383469581604
1.3254163980484
37.406088590622
1.36454685131709
26.2880170345306
1.43616298437119
1.45047912597656
1.46454823414485
1.4784331202507
1.50153317054113
50.9088561534882
31.190648317337
40.4348003864288
34.2435150146484
1.60439548095067
41.4971487522125
41.4607918262482
54.5704848766327
1.63119699160258
1.64448684453964
19.6061861515045
39.8188354969025
46.6579523086548
48.1688966751099
15.5257570743561
1.72994352976481
29.3507318496704
1.77796542644501
18.1694784164429
30.3484122753143
31.8380520343781
14.5744633674622
1.8606915473938
13.3557481765747
25.8256845474243
12.2356150150299
21.0932409763336
11.5448722839355
16.9214534759521
12.7871615886688
49.4973170757294
21.0935916900635
31.3818252086639
5.99523758888245
17.5904071331024
38.060626745224
7.7767231464386
15.0262479782105
35.2692277431488
27.0839598178864
2.11075872182846
22.9923989772797
2.13125773270925
24.4445099830628
22.4573707580566
2.42263394991557
29.9015965461731
36.4689829349518
29.4755692481995
55.0541095733643
2.56578112840653
3.42124663194021
4.26857505639394
4.34703739484151
4.37723666032155
4.50427528222402
4.53739829063416
4.61847203572591
4.74147298336029
4.76218668222427
5.01147019465764
5.11404005289078
5.17680686314901
5.44890724023183
5.83451206286748
5.86998134056727
5.95513617595037
6.26917580763499
6.27705068985621
6.39015907049179
6.50883952379227
4.04533090988795
6.81815433104833
7.04367142120997
7.14147394498189
7.17369807561239
7.38431074619293
7.47006619373957
7.60552346309026
7.75472978750865
7.99360695282618
8.13770809173584
8.22959403196971
8.37750202814738
8.49449191888173
4.03257913589478
5.43320734898249
2.68421723842621
9.12499401569366
4.53583863973618
9.24117770989736
4.53380209207535
5.08348877827327
4.35339306195577
5.26493725379308
9.64645776748657
2.09069396654765
5.42765534718831
10.1708318154017
10.1845885157585
5.91670067707698
10.4855710029602
4.69945333401362
5.39721014499664
5.17386739253998
5.85994708140691
5.23397201697032
4.07685755491257
3.26738653182983
3.5190934697787
6.43636131683985
6.87914375464122
5.64292301336924
4.7221599817276
5.37607380946477
5.04560023943583
4.99843473434448
5.28953775167465
6.36078894535701
6.24641588528951
5.00203496217728
3.48217755953471
4.81833938360214
2.50894985596339
4.81448913017909
2.58113584915797
3.21311318874359
5.60185472170512
2.80412722826004
4.74965709845225
5.15515157381694
4.27502509355545
3.21190960407257
3.01444736321767
3.08082280953725
5.28027535279592
5.10845476388931
2.85691727002462
2.69150985479355
2.93662079572678
31.1560282031695
42.2149061361949
48.4292643030485
48.5858613967896
49.7199814677239
52.7484916647275
53.0834189891815
54.1531543135643
55.803898926576
56.9738963961601
57.3795370817185
59.0027370929718
59.336462144057
1.08620573600133
1.09941398362319
1.14612763742606
1.18585811211003
1.20216113759412
1.21249348243078
1.23421791368061
46.6119621952375
1.31766566773256
1.33065812435415
1.34891576038467
1.35224709464444
1.39752063035965
1.40127432902654
1.42166409909725
1.42337367104159
1.49713136951129
1.53503932985995
1.56983796139558
1.57187326040533
1.62989407479763
47.0931677261988
1.71865098244614
1.06820453769631
34.4718128283819
54.3878832340241
1.00445709824562
1.82945917434163
1.83000924262736
1.03003592511018
54.6798198580742
1.89513640979926
58.8910181879997
26.2026068647703
2.02805428524812
1.14855703108841
1.22619748195012
2.07827019936509
2.09071974873543
1.03642104824384
1.14885823600822
1.17958406289419
1.15410712023576
1.32709762533506
57.6378404696783
48.1412736018499
1.46693112677998
1.18764641483625
1.57609204649925
54.9406075199445
1.36110922535261
1.23770470645693
1.3193250777324
1.32328656686677
1.26469796425766
1.3207055205769
1.51390402158101
1.31934580895636
1.0103568233384
1.58799841900667
46.3468407471975
51.1739683747292
1.47614300880167
1.04050524910291
1.43089719971021
1.61959893372324
1.54731364091237
1.34892709745301
56.835314643383
1.15386472404003
1.01603557599915
1.64697983774874
1.01292678793271
1.63395654744572
54.906235063076
