0.903296709060669
1.21307635307312
1.24792385101318
1.29388689994812
1.37342691421509
1.34292006492615
1.1829400062561
1.37595534324646
0.988408088684082
1.32212281227112
1.21698832511902
1.47779726982117
1.39259457588196
1.37124538421631
0.767249345779419
1.40624928474426
1.10771799087524
1.11615777015686
1.10719871520996
1.17085194587708
1.16298604011536
1.03907370567322
1.05534291267395
1.11542367935181
1.15238165855408
1.13615226745605
1.26314377784729
1.29197978973389
1.24380803108215
1.08286118507385
1.01020908355713
1.07034587860107
1.21945261955261
1.01973176002502
1.05801820755005
1.06533360481262
0.691823720932007
1.02642941474915
1.05230593681335
1.07645630836487
1.1008038520813
1.00065159797668
1.27297949790955
0.816807270050049
1.09809803962708
1.06754279136658
0.691401958465576
0.97581934928894
1.29881381988525
0.966124057769775
1.14142990112305
0.964929819107056
0.880048751831055
0.971020936965942
1.04964375495911
0.722262620925903
1.00650525093079
1.05070924758911
0.665231466293335
0.954963445663452
0.907516956329346
0.796178102493286
0.977492332458496
0.979244947433472
1.04459381103516
1.02257204055786
1.19580364227295
1.00593376159668
0.811867237091065
0.621403694152832
1.02302122116089
0.920880794525146
0.992904186248779
1.10083389282227
1.01504826545715
1.08837628364563
1.02951169013977
1.0439305305481
1.17042326927185
1.45168542861938
0.675399541854858
1.23586869239807
1.29801392555237
1.08334064483643
1.13561677932739
0.904738903045654
1.12895441055298
1.3052773475647
0.975556135177612
1.56330537796021
