31.3706350326538
40.9118812084198
41.3680629730225
42.0592479705811
42.8087272644043
43.5491921901703
42.8552598953247
43.6863739490509
43.9812490940094
44.0684812068939
43.9165737628937
43.976420879364
43.6917877197266
44.5147168636322
45.1188433170319
45.2958688735962
45.1477403640747
44.5434646606445
45.1915712356567
45.4599533081055
45.5224890708923
45.2366859912872
46.3035519123077
46.3506245613098
46.8297469615936
47.0448341369629
46.9929046630859
46.7316830158234
46.8661479949951
46.923175573349
49.5357887744904
52.066707611084
51.67160987854
52.5834848880768
53.0189712047577
53.7041630744934
54.5315420627594
53.9605357646942
54.3153471946716
55.3768162727356
39.5818676948547
25.4990725517273
34.3172211647034
32.2800443172455
32.1598405838013
37.9986436367035
33.9353432655335
36.2418076992035
39.4503130912781
39.3148195743561
34.5149581432343
37.3020169734955
38.8074455261231
38.4075331687927
37.6269373893738
38.6555066108704
38.8617534637451
38.8185801506043
38.6139090061188
37.6168661117554
37.9227600097656
38.3220663070679
39.6068570613861
39.2861578464508
37.0662789344788
38.0855288505554
39.8605935573578
36.8749301433563
38.2219023704529
37.7567207813263
40.4559347629547
38.7017748355866
43.4195127487183
41.8684813976288
46.4559059143066
43.9113328456879
41.96497797966
25.0527513027191
45.0408103466034
43.6701974868774
20.3846337795258
19.9248154163361
20.2893006801605
19.8740057945251
19.8260831832886
19.6626763343811
21.2957105636597
21.4600353240967
20.1216461658478
18.7724626064301
