0.608097791671753
0.613381147384644
0.610634088516235
0.678903579711914
0.646279096603394
0.393490314483643
0.661494493484497
0.645340204238892
0.704158782958984
0.268039226531982
0.625749349594116
0.426646709442139
0.688090562820435
0.424203395843506
0.396574258804321
0.790784120559692
0.67460298538208
0.479346990585327
0.44260835647583
0.422844648361206
0.438279628753662
0.472726345062256
0.764063358306885
0.704369068145752
0.331724405288696
0.460046291351318
0.382030725479126
0.500088453292847
0.281301259994507
0.441174030303955
0.428437471389771
0.499017000198364
0.443102598190308
0.461420297622681
0.26101541519165
0.492964267730713
0.486045360565186
0.472272872924805
0.426948070526123
0.509411334991455
0.456164360046387
0.573407173156738
0.47064733505249
0.504297494888306
0.522923231124878
0.574323892593384
0.530028343200684
0.448915719985962
0.373271226882935
0.495126724243164
0.493000507354736
0.500667810440064
0.415509462356567
0.369222164154053
0.45622181892395
0.508286476135254
0.386548519134522
0.532232761383057
0.406476736068726
0.492769002914429
0.543710470199585
0.474020957946777
0.277199029922485
0.483629941940308
0.421161890029907
0.409898996353149
0.411102294921875
0.463340997695923
0.423971652984619
0.466975450515747
0.537896394729614
0.438083171844482
0.449184417724609
0.425989866256714
0.386945247650147
0.266943454742432
0.408708333969116
0.42151665687561
0.417300701141357
0.414576292037964
0.392471551895142
0.35108470916748
0.436075448989868
0.24573540687561
0.467171430587769
0.461823225021362
0.396993637084961
0.379449844360352
0.236793994903564
0.240387916564941
