44.2998242378235
44.160208940506
45.5415763854981
44.5312209129334
45.0543065071106
45.7917559146881
45.6109802722931
46.1407759189606
46.5593435764313
47.3090856075287
49.3527810573578
49.689957857132
50.7427241802216
52.1062996387482
54.1424300670624
59.9745562076569
44.4956977367401
36.7372612953186
36.8933565616608
35.0144760608673
36.3522505760193
37.3662145137787
35.9500708580017
35.8279993534088
38.1259458065033
42.0311486721039
40.7349410057068
38.7075304985046
38.9874620437622
37.5967872142792
40.6667873859406
42.5211725234985
38.3522343635559
40.0764384269714
34.3410451412201
34.8357524871826
34.1132795810699
36.4762578010559
35.2274408340454
36.0873882770538
34.6288614273071
35.1573901176453
36.0845696926117
35.4562783241272
37.6747696399689
36.3081459999085
44.226012468338
35.9571285247803
46.7919108867645
32.9308569431305
36.6756103038788
34.4824249744415
35.304075717926
36.2459316253662
35.7853999137878
36.3543946743012
38.8455607891083
35.9343557357788
36.1590707302094
35.8771650791168
37.9783368110657
37.8226449489594
39.3502144813538
34.8953056335449
34.6378726959229
36.011579990387
34.96089220047
35.8387591838837
35.3322427272797
34.486763715744
38.0359630584717
34.8966228961945
35.3641996383667
37.7291257381439
39.9322316646576
38.3697369098663
35.6029167175293
38.2373976707459
35.4465479850769
32.3898267745972
31.9235558509827
30.9797060489655
33.2699863910675
34.3177733421326
32.5140974521637
33.2173626422882
30.21324634552
39.2674190998077
35.9313859939575
29.9896287918091
