1.19194459915161
1.63201212882996
1.45955419540405
1.67532563209534
1.47791481018066
1.5828070640564
1.45548176765442
1.46924901008606
1.52402186393738
1.56035113334656
1.46375751495361
1.70812916755676
1.63841009140015
1.62238574028015
1.65841221809387
1.53534269332886
1.65217995643616
1.59356498718262
1.4986732006073
1.62081694602966
1.50966501235962
1.65142178535461
1.82330179214478
1.54832887649536
1.56651544570923
1.52985811233521
1.44331622123718
1.48896312713623
1.69711995124817
1.71432852745056
1.646728515625
1.82490491867065
1.85857462882996
1.40932321548462
1.47219276428223
1.5136570930481
1.7873523235321
1.6601128578186
1.01838374137878
1.82086491584778
1.25590634346008
1.20900106430054
1.8320791721344
1.01391339302063
1.03611898422241
1.07968592643738
1.02111101150513
1.39170050621033
1.24209499359131
1.0149188041687
1.3367714881897
1.27643370628357
1.12873578071594
1.38655591011047
0.800580263137817
1.40663862228394
0.874397039413452
1.39058494567871
1.42918825149536
1.33920741081238
1.68104481697083
1.13129281997681
1.3877854347229
1.05320072174072
1.25514960289001
1.1573166847229
1.55952644348145
1.03074097633362
1.46114778518677
1.10648369789124
0.817058563232422
1.49732184410095
1.60674715042114
1.6360330581665
1.75435590744019
1.48937273025513
1.47704386711121
1.40376925468445
1.58591938018799
1.68554353713989
1.51175880432129
1.16827058792114
0.897274732589722
1.17731833457947
0.92276930809021
1.62189602851868
1.00454497337341
1.59018921852112
1.0491418838501
1.54340028762817
