13.6188929080963
2.10783886909485
14.5557019710541
20.7747905254364
5.0608651638031
3.69244289398193
11.898387670517
13.6545338630676
12.2413418292999
23.9705109596252
10.3228254318237
22.0837609767914
15.7883348464966
13.4902095794678
20.1415545940399
22.8815274238586
7.6691370010376
9.66989731788635
12.9576368331909
22.8417119979858
17.7215368747711
20.4042961597443
10.6940197944641
15.9431550502777
24.800665140152
30.4720425605774
10.5481195449829
21.7849190235138
19.0693442821503
21.850022315979
23.8716270923615
20.1633253097534
15.8403027057648
20.2773110866547
11.8681654930115
22.3135566711426
20.0196163654327
9.39245700836182
13.5434877872467
27.4233763217926
10.5799577236176
20.2806437015533
15.3047287464142
27.9403171539307
28.6079545021057
9.41264629364014
30.4794127941132
18.471715927124
15.4970445632935
30.7338507175446
16.3214063644409
24.9456243515015
11.8810338973999
25.86776471138
11.594101190567
27.3465735912323
25.1899676322937
13.6473879814148
15.3087720870972
11.2633843421936
13.1098387241364
17.0185420513153
14.6806108951569
12.5422070026398
19.3431715965271
18.7835991382599
20.1824944019318
20.8895750045776
23.1782667636871
15.761233329773
19.4669921398163
21.271853685379
14.382385969162
25.4318580627441
27.8960335254669
12.1000776290894
27.0563366413117
26.7263488769531
31.9404830932617
25.0817971229553
9.79110240936279
19.767195224762
16.5694940090179
24.3855917453766
12.066338300705
19.0523719787598
18.9185924530029
20.407160282135
15.7355017662048
29.4406723976135
