4.67153978347778
5.06847643852234
5.3500030040741
5.37961292266846
5.55118250846863
5.96848654747009
5.35098838806152
5.62043380737305
6.01864647865295
5.76484107971191
5.79788208007813
6.37444663047791
6.67131042480469
6.38932681083679
7.23899698257446
7.50619530677795
4.18434906005859
4.25994658470154
3.78507351875305
4.53922724723816
5.42789196968079
5.34415936470032
3.95122599601746
4.64877367019653
4.72335910797119
5.37328124046326
5.64898037910461
5.43740129470825
4.44904780387878
5.57717442512512
5.02648711204529
4.68094778060913
4.24195122718811
4.71874022483826
4.45250868797302
6.66662049293518
4.37703633308411
4.12022590637207
6.29376101493835
5.0082266330719
4.11730003356934
6.00408625602722
4.54409408569336
4.38009643554688
5.96878409385681
6.4636857509613
5.83696603775024
6.4284610748291
4.24872517585754
3.87988233566284
4.117671251297
5.61183285713196
3.88704466819763
4.41110134124756
5.92092537879944
4.90889859199524
5.85219478607178
6.00945806503296
4.96847176551819
6.03508734703064
4.19056367874146
4.52904319763184
5.96137022972107
5.8753559589386
4.08533930778503
6.21302342414856
5.0796160697937
4.60174608230591
5.10525131225586
4.8960587978363
4.22606158256531
6.19445109367371
5.22589921951294
4.64074897766113
4.52339100837708
4.54784202575684
4.48344945907593
4.96580934524536
3.90694737434387
6.31762647628784
4.87962174415588
4.90191531181335
4.43212509155273
3.69060754776001
3.90146899223328
4.70599985122681
3.68584394454956
3.62076163291931
3.75399518013001
3.34305167198181
