42.4788565635681
42.9202399253845
43.4661660194397
42.9173786640167
43.7285668849945
43.6024339199066
44.0196497440338
45
45.5901098251343
45.544615983963
45.7749733924866
46.3818566799164
46.6147921085358
47.2292466163635
48.2983100414276
49.4986877441406
34.8591434955597
35.2493920326233
35.7656788825989
35.3369054794312
35.796356678009
37.2100372314453
35.2569634914398
35.1854813098907
35.1102199554443
37.9350371360779
35.9859187602997
35.5428647994995
35.3304717540741
35.517813205719
37.7060594558716
37.957804441452
35.2176907062531
35.3800067901611
35.1389818191528
35.5442442893982
35.6194772720337
35.5470349788666
35.9530365467072
35.2577197551727
35.6065404415131
35.1974260807037
35.3134920597076
36.9841105937958
35.2759609222412
35.5372879505158
36.678394317627
36.9776201248169
34.5809404850006
34.9386131763458
34.9010972976685
35.7437977790833
35.0128552913666
35.127477645874
35.3279848098755
36.4045062065125
35.9814331531525
35.0261027812958
34.8699474334717
34.8958833217621
35.6077704429626
36.4812059402466
36.5345537662506
36.615709066391
34.3444488048554
34.6790623664856
34.8924453258514
34.5806548595429
35.240353345871
34.8521852493286
34.8104887008667
34.9202287197113
34.4449996948242
35.8280839920044
34.3386781215668
34.0229463577271
35.9233498573303
36.6911249160767
36.9163477420807
36.6051862239838
30.8064093589783
30.5821554660797
31.2049751281738
30.7126276493073
30.3597962856293
30.2760100364685
30.5293121337891
32.8624317646027
32.300619840622
31.4031083583832
