0.27219994846126
0.333340920841325
0.441583283370709
0.207539079769691
0.161732608986864
0.376640553420763
0.25555446189905
0.257283340987088
0.287424051261499
0.36058045448231
0.830192594395702
0.167919869796785
0.241343400467441
0.208297683194184
0.521253166338129
0.233404762024928
0.260427000381306
0.162948431066647
0.294193687725977
0.807129821214319
0.225655736265353
0.644161110372161
0.423266702341957
0.278724075541753
0.680788168630192
0.267997042143294
0.156344394744785
0.284066798236641
0.194845850338326
0.37294306130375
0.240253406379664
0.461511915134684
0.772656325297243
0.178353346743707
0.509070760192079
0.204823189405573
0.251760151569072
0.209666275800294
0.185227772653565
0.503543572249575
0.194077637178441
0.206209491545307
0.267300999601625
0.30949794886227
0.2149029509764
0.932445198169856
0.348496086984127
1.02553359056499
0.228169884569875
0.253607912276849
0.364574398891816
0.185138151242393
0.218044190323659
0.271002482539433
0.503508617108798
0.345638631759563
0.250744995317106
0.291232572358924
0.279942330764643
0.924806340695262
0.208906181685133
0.213856153576673
1.38937495343456
0.26918820852233
0.237628336576877
0.219746271375545
0.276717892228193
0.526639596331393
0.293969752488661
0.163959828653556
0.233840267230828
0.479663349569996
0.462276502654056
0.205137879582119
0.544047331915624
0.254246799676543
0.154702367801054
0.450364532214509
0.262580082201499
0.222721181352323
