0.184714307432592
0.262113746258805
0.256102558670946
1.515260507188
0.253517756195583
0.618579682570216
0.299665137460653
0.677715234977118
0.225344647388309
0.345189056741282
0.338764918611462
0.193756617129974
0.546323431846335
0.551276450103849
0.198252174649685
0.392133075692025
0.259402073851033
0.206105596457127
0.331507082939593
0.2053984291446
0.679954612792679
0.796410105088876
1.31107187781408
0.256372423985935
0.387338795668272
0.43196033171303
0.246957490698718
0.21885229798947
0.341730553676918
0.343322109315604
0.430494523119414
0.277914114081909
0.600612303835648
0.351744980041684
0.189176115014869
0.297584976635401
0.515139540282262
0.180620715244528
0.298321232905944
0.283790958099855
0.303763327718715
1.70515846993369
0.975959441183136
0.362068674317614
0.40570811573822
0.304024380445352
0.502281824567764
0.299198545436103
0.306701198012533
0.263628234809181
0.349948381526078
0.210634276985656
0.265834308117331
1.35844418699569
1.29024428591965
0.199796178247345
0.350802317766995
0.50809298013437
0.386677136553254
0.262245182798415
0.362313379910683
0.313198402315409
0.360106825013582
0.276291779561345
0.635367059917332
0.204166975634363
0.259021297133691
1.43486695650196
0.338815164078392
2.27858341216144
0.245446973621847
0.647384261171317
0.31911499462813
0.267477330691349
0.251334046121329
0.255599598896924
0.175249307969542
0.25168925353022
0.293268791293025
0.241467595901464
