0.182639573279254
0.262472760549128
0.203872003558725
0.163611913367423
0.255869430311625
0.179070963188156
0.478032666040103
0.209728609008124
1.39327817407095
0.204338433080494
0.242690651488313
0.187117435934117
0.35086564482049
1.01706242188832
0.520325435620504
0.259419277645924
0.366947579833791
0.16816836395172
0.152991481529806
0.829652811105587
0.453101528112765
0.249445971661205
0.155469185065316
0.201812944639361
0.226515669451465
0.289622836438716
0.438923645289386
0.282130037048826
0.253040497375653
0.211848682405879
0.220535285005833
0.81458004361655
0.502348170445949
0.164554382757829
0.279263208225427
1.05594987210401
0.284640133767566
0.274318347361893
0.424575020270184
0.349332474889534
0.282426884688652
0.211937572438315
0.367542902687962
0.225655736265318
0.272970176286812
0.817601734365715
0.200670954081625
0.672284791973238
0.225294897859627
0.244561303541949
0.394596524484229
0.315226915615164
0.689706839738625
0.156033434093611
0.199005519056084
0.464315875176679
0.204184410761106
0.200593766543419
0.228285938011886
0.49393039486808
0.86463688407564
0.220028997929775
0.183146877355786
0.280998294631623
0.327494935385721
0.197581308638696
0.176146574156479
0.197279240481007
0.65421110741979
1.09666547618869
0.185894504901342
0.307339681247202
0.217254881993017
0.495440904944437
0.345596584426241
0.152212969538606
0.248013340169488
0.222758009704298
0.230912033685686
0.193424003347793
