0.349184056825769
0.875479280710504
0.406296607925022
0.243412201876136
0.366895294787677
0.488009549876723
0.281603067317113
0.345896364497217
0.318544406570735
0.47030893042466
0.429160600746863
0.521476597675287
0.501336228522113
0.330054794630382
0.312782567699753
0.340793274936934
0.331164061905324
0.267625131615943
0.318937113218186
0.390525291213355
0.278745425307977
0.398169561983018
0.277187481001747
0.443179570587832
0.337001144688768
0.373768981596443
0.24558888457332
0.347523014409874
0.425089888190261
0.386906478088332
0.564435713847446
0.285735554280301
0.271585079917807
0.304881749216186
0.728950543302982
0.2636667958063
0.309712858205432
0.558449082675988
0.333513603185215
0.452808091682384
0.355789255108645
0.30590529719421
0.811090860018917
0.391616538314164
0.653171346002159
0.260255168374951
0.25282378134386
0.561953073763967
0.314132917275588
0.66547385831444
0.289703286240466
0.370838267322853
0.70583675465711
0.291479173694481
0.296085250650299
0.907107127477808
0.284330673131226
0.252196971280373
0.908714221687567
0.245188354297599
0.284720207392587
0.572679101884435
0.332805909588002
0.511608883999116
0.527774705970832
0.33249705757114
0.521008701770591
0.690015651029079
0.316305861774531
0.312319308076523
0.402495596222169
0.534519409620079
0.337910832808059
0.584650895655649
0.425260172176969
0.326339324259214
0.346725914890081
0.364095625547133
0.319310168135763
0.31497394439291
