0.367023869583424
0.321679605785236
0.318241182127136
0.664901484871904
0.359210788530771
0.255665580130565
1.65641989407684
0.233504751313533
0.23800420276321
0.314399972216563
1.17639245582094
0.228418189319659
0.600182427769019
0.345318683863494
0.234611653222971
0.311456687160502
0.328645835831761
0.348526655997406
0.514938982544196
0.30359980872236
0.176418965450535
0.85797554199259
0.457025238867913
0.2927254921785
0.350386023405018
1.28131571507361
1.30220921699086
0.346101843944177
0.216106320302294
0.315111070856667
0.329692080842067
0.254284651156809
0.28482086253751
0.395420423026504
0.728919269217671
0.28697589152061
0.292751417210331
0.49090972874129
0.171435511473147
0.401060056932339
1.0155124342332
0.339318003900103
1.45563562808101
0.33772255969633
0.255440818914405
0.354554576795577
0.338076072164954
0.978627108499497
0.285448373674702
0.2053634498462
0.52604678283984
0.331862190091383
0.266625304200148
0.397358128412536
0.210266581379973
0.290403204247393
1.11283030092955
0.671253931636383
0.401029714057248
0.23922312862125
0.345208530970361
0.271202758866583
0.291031444007686
1.16556162959907
0.41891004461492
0.296310708760026
0.473586746614429
0.347867504554652
0.292974840692709
0.332026723702967
0.683839306236577
0.588586141742007
0.265350147554295
0.299323817141008
0.275887249157125
0.327135174116843
1.3124737215452
0.180922577872875
0.27703825436723
0.422164646369828
