36.5019547939301
37.8406751155853
37.8709378242493
39.196944475174
39.8979454040527
38.4491057395935
40.8940448760986
39.8416678905487
39.2610948085785
40.0712931156158
39.1092798709869
40.2336661815643
41.0217916965485
40.332893371582
43.1839666366577
35.2197024822235
35.974098443985
36.6603710651398
37.6763458251953
36.4326753616333
37.98872423172
37.133232831955
38.554300069809
36.4108490943909
39.3574633598328
35.5929787158966
36.5035283565521
38.082795381546
37.9774358272553
39.2819125652313
35.1986229419708
37.3714897632599
36.2725880146027
39.2054686546326
36.4074046611786
37.5328993797302
35.3780333995819
37.5771050453186
36.1802160739899
38.6474380493164
36.1966536045074
36.5112428665161
38.9578170776367
37.4995937347412
36.3534326553345
38.1662621498108
35.8744530677795
36.1884281635284
35.7226731777191
34.6859731674194
34.7279534339905
35.4492316246033
37.7178041934967
35.237076997757
37.7619507312775
38.0610921382904
38.5564813613892
38.1832263469696
34.839230298996
34.9215950965881
37.6718513965607
35.0490725040436
35.9100427627564
35.9985127449036
37.7819621562958
37.9765751361847
35.6298105716705
37.8237891197205
39.7536363601685
38.3826124668121
37.1022074222565
40.3288516998291
34.4684484004974
25.3312404155731
34.3566117286682
34.0520753860474
34.7867245674133
34.2435846328735
33.6459088325501
33.1230189800263
