5.08807377417882
5.33459448814392
5.7811492005984
5.8287318666776
5.86766699155172
6.06670667330424
6.75061462322871
6.91718698740006
7.17737466096878
8.359805560112
8.44593170086543
3.4548162817955
9.27006990114848
4.3316405415535
4.40177640914917
5.40701584418615
10.5758828004201
5.10950734615326
5.22342484394709
7.33395577669144
5.02122670014699
12.3841878890991
5.65797714392344
4.14817959070206
6.13298227389654
2.50389284690221
3.14902507861455
3.9400377313296
5.40432217121124
4.30449938774109
6.28006245295207
4.15195249716441
5.69684232076009
2.31900338729223
4.95387535095215
5.06304334799449
3.52520446777344
3.41277699073156
5.809266102314
3.8757362763087
3.82958768208822
5.09312212069829
3.72323665221532
8.10435593525569
9.62286574840546
4.12980931599935
3.82294646104177
3.17705887556076
4.53437352577845
3.53728394905726
9.20747555891673
3.99674277305603
4.50536586046219
3.91070558230082
5.00459731419881
4.17450576623281
2.97115405797958
3.62821488380432
5.51493225495021
2.52338962952296
5.43954511086146
2.99927233457565
6.32209607362747
3.88254324595133
3.48960545063019
4.33992827335993
8.35515566666921
4.02992533445358
4.27230592171351
6.86681842406591
5.15855423609416
4.61521436373393
3.3062197526296
4.15187588532766
5.76387648185094
7.00720744927724
5.75259163379669
6.80379066069921
4.67905579010646
5.94923704067866
