1.07654060522715
1.0974253376325
1.06780445973078
1.12930779059728
1.11250414848328
1.11463905175527
1.15290311177572
1.11252674261729
1.17551081577937
1.13808657725652
1.11566913922628
1.14294699430466
1.17029605309169
1.18098797798157
1.21375620365143
1.05464830001195
1.05288201570511
1.05207701126734
1.06272734006246
1.08049751520157
1.04887307882309
1.07120689551036
1.07976509332657
1.08189583619436
1.12105875412623
1.12612636089325
1.10038661559423
1.09706473350525
1.15883855422338
1.18135467767715
1.04594292640686
1.05928985675176
1.07308079004288
1.06427083810171
1.03304732640584
1.06970691283544
1.05820970932643
1.06833265225093
1.08897324403127
1.04752412637075
1.07434451182683
1.05468115409215
1.09742602507273
1.15832934776942
1.15095299482346
49.1832849979401
47.0780370235443
49.4449560642243
56.5489785671234
58.4027700424194
57.9215621948242
1.00178839365641
59.5246934890747
57.9278337955475
58.3553321361542
59.8251354694367
59.7344877719879
1.06433258454005
1.10026503403982
1.08778005838394
54.7104194164276
58.7469248771668
51.3822083473206
59.2619721889496
58.9811573028565
53.9531633853912
57.8224532604218
57.8209686279297
59.5558197498322
59.6237630844116
58.6102850437164
1.06788350741069
39.4679746627808
1.09692346254985
1.0870637734731
41.2184658050537
37.7581698894501
56.0325405597687
55.8608279228211
1.01972132921219
