4.14590615034103
4.39756234486898
4.8001367131869
4.83516315619151
4.84970362583796
4.92754890918732
4.96442766984304
4.92937981685003
4.95408458709717
5.04979036649068
5.12596681515376
5.1930001060168
5.27676218350728
5.37517937024434
5.48209686676661
4.44110821882884
2.81931858857473
2.46042191584905
3.16438323656718
2.6339214404424
3.20893571774165
3.11305084228516
4.27990750869115
4.35325269301732
4.24681588411331
4.44925118684769
4.23960217237473
4.55537330706914
2.54158757925034
4.51252810955048
4.24679714441299
5.14195427497228
2.70247702598572
3.68924913406372
2.79327232837677
3.94873998562495
2.43946664333344
3.07718316316605
2.41967093149821
2.63468858400981
2.66948663393656
2.73835873206457
2.81284850041072
2.93608282009761
3.04059887727102
2.72523978948593
3.00148411194483
2.85587069988251
2.27048399051031
2.18478216727575
2.59708652496338
2.12735886176427
2.63284857273102
2.34143497943878
2.45928028027217
2.47468119462331
2.56392158667247
2.55586431423823
3.24067773024241
2.52882941961288
2.25240212281545
2.75278351306915
2.78770614862442
2.14111813306808
2.2275674422582
2.54129656155904
2.34042069514593
2.33074448903402
2.16939092079798
2.45819008350372
2.47391304969788
2.88975452184677
2.30103318293889
2.30498320659002
2.45793306032817
2.65793559551239
2.30889245271683
2.18845038414001
2.41130042870839
2.20023543834686
