1.9679025332133
1.97849398851395
1.97797132730484
1.980153687795
1.93925791978836
2.03880746364594
2.04218338330587
2.06110566854477
2.08765675624212
2.07934744358063
2.08355046510696
2.05004691282908
2.08860983053843
2.11476428111394
2.10280098120372
2.11483223040899
1.61945665280024
1.7148602883021
1.70899379253387
1.86581407388051
1.84163966178894
1.86377445062002
1.93396958510081
1.96178944508235
2.03598307768504
1.96967446804047
1.99138808250427
1.96214411258698
2.03050295511882
2.03814579248428
2.02075216770172
2.05689460436503
1.25343699455261
1.64765737056732
1.37854991356532
1.73361617724101
1.78093020518621
1.8145769238472
1.7425737897555
1.65352611541748
1.60073646704356
1.82073442935944
1.96738518476486
1.89677052497864
1.92393971284231
1.95683272679647
1.42274122238159
1.19695675373077
1.68865150213242
1.28513568639755
1.44413243134817
1.31993940273921
1.66978064775467
1.4204905351003
1.71237753629684
1.8574341972669
1.56207825342814
1.63203774293264
1.80703717470169
1.94007976849874
1.15226190090179
1.26194007794062
1.69007933537165
1.21353570222855
1.68530324697495
1.68843323389689
1.42042841513952
1.70277863740921
1.88721508582433
1.68839327891668
1.82075476249059
1.7646078824997
1.28678260246913
1.6293695251147
1.78500216007233
1.41959391037623
1.14281446139018
1.82658226887385
1.32425979375839
1.64006637732188
