202,90,119,94,26,64,103,69,57,78,48,63,72,50,36,48,75,67,40,67,69,57,38,27,34,43,40,23,47,49,41,82,81,85,68,55,21,47,47,11,31,21,21,18,39,25,44,51,38,33,33,17,26,20,21,33,23,25,14,12,56,56,62,28,40,27,48,30,32,36,27,33,23,28,24,37,33,52,30,24,38,18,37,23,11,40,35,27,12,10,159,270,167,103,87,99,64,60,26,70,54,39,51,93,73,34,57,30,44,39,29,49,32,31,31,30,68,60,39,27,113,81,57,59,44,66,57,55,65,34,37,21,39,34,34,29,35,19,16,28,20,26,18,21,31,49,13,18,28,22
20,10,13,7,0,4,6,7,4,3,4,7,5,9,5,11,8,6,5,5,6,3,3,1,2,3,4,3,6,4,4,7,8,10,3,4,3,4,7,2,4,6,0,3,7,4,3,8,2,0,0,1,2,5,1,5,3,3,1,1,3,5,4,0,3,5,1,2,8,1,5,2,1,4,6,3,2,1,3,0,4,2,1,2,3,3,3,4,0,0,16,21,15,4,10,0,3,13,1,4,14,11,4,8,9,1,2,3,1,4,10,4,4,4,1,2,4,3,5,1,10,5,5,8,6,9,3,4,6,1,4,1,3,3,0,3,4,0,1,2,5,1,3,2,1,4,4,3,5,1
57,38,45,14,3,18,15,10,21,22,15,16,7,21,8,16,14,10,26,12,7,18,12,10,11,9,5,17,14,8,10,20,21,13,19,9,7,5,9,4,7,9,3,13,9,14,5,4,4,2,7,2,5,3,5,5,7,8,9,4,28,12,7,7,12,9,12,7,7,13,11,13,3,7,5,3,7,3,9,8,7,12,6,11,7,2,3,7,0,7,28,42,46,30,29,15,18,19,13,11,11,28,6,13,7,6,15,7,9,8,7,14,7,6,14,6,9,7,8,6,36,24,15,13,10,15,9,11,6,13,8,8,3,4,9,9,13,7,9,6,7,4,8,9,3,3,9,11,7,7
39,27,23,9,8,9,23,3,11,9,18,11,7,8,17,13,11,10,12,11,6,4,9,12,10,4,14,4,4,9,13,12,13,13,10,13,9,11,10,8,8,8,12,6,9,14,6,6,9,3,8,1,2,8,5,13,0,1,7,3,27,5,14,10,4,13,4,8,9,1,13,8,7,7,10,2,5,2,24,11,2,12,4,5,10,4,2,1,2,1,34,22,33,10,19,10,14,34,15,6,16,14,13,14,6,12,6,6,2,8,6,10,5,7,7,6,10,3,10,14,34,10,8,14,5,13,9,19,7,7,12,11,16,8,2,4,5,4,10,6,8,6,6,6,1,2,6,5,9,4
243,87,118,85,29,47,80,73,53,58,36,57,58,53,52,69,88,45,73,39,65,81,53,20,28,89,28,26,51,54,44,118,85,81,39,67,35,60,33,6,19,31,20,29,48,37,33,44,33,26,25,15,30,24,11,35,35,24,27,14,57,72,56,24,68,40,60,37,52,43,34,45,35,77,28,20,31,40,21,27,29,29,27,26,21,36,21,26,22,13,188,216,186,58,89,88,68,78,26,91,57,74,41,115,84,50,58,38,28,33,19,53,29,38,29,30,51,60,63,31,133,100,83,81,61,56,49,44,54,54,39,31,37,35,16,48,84,33,15,26,22,15,12,32,15,32,33,26,25,24
198,93,64,68,22,67,71,58,59,40,73,48,62,67,43,45,62,41,44,64,45,62,43,18,35,77,28,20,43,37,35,89,79,77,35,57,33,45,25,13,14,32,9,30,40,27,29,43,43,23,22,14,22,25,23,29,34,19,23,21,51,42,42,26,56,35,37,27,32,35,20,20,40,35,18,33,32,29,7,24,19,4,18,20,17,24,25,44,12,14,185,162,130,62,62,81,60,65,19,49,51,37,54,52,72,30,56,26,22,34,12,49,32,18,25,30,28,68,28,30,129,113,65,58,39,51,58,53,46,23,45,22,34,28,39,21,69,31,11,24,20,18,14,29,27,31,18,16,32,24
198,86,80,75,46,59,55,46,36,69,66,53,59,36,42,46,50,37,35,54,46,50,39,46,60,25,38,48,28,39,63,72,78,45,41,50,44,30,38,30,14,34,37,35,40,34,18,26,27,12,21,13,37,28,16,28,21,11,22,17,61,26,24,44,21,29,17,18,21,19,26,27,24,19,40,13,18,17,18,19,17,17,21,28,19,24,10,23,27,15,164,113,141,58,68,54,65,98,69,44,29,28,34,50,32,22,25,21,40,36,12,34,26,12,28,9,37,26,27,19,117,70,35,45,48,45,42,62,21,37,34,18,19,20,16,30,16,23,16,23,18,15,17,5,28,17,16,17,13,25
160,72,77,112,24,41,62,74,24,59,46,33,51,27,36,39,35,42,55,48,35,50,37,28,55,42,51,30,24,24,33,79,60,54,34,27,24,39,22,15,31,17,12,11,15,23,30,30,39,17,21,48,20,20,13,21,12,21,9,8,51,49,28,38,46,23,27,30,45,39,34,28,26,16,14,8,32,23,27,46,28,15,14,15,27,23,16,14,12,20,106,92,144,43,63,54,47,67,9,39,32,26,43,72,29,42,30,29,11,26,41,24,20,25,19,32,26,35,27,36,90,50,38,38,26,31,34,35,25,29,23,19,32,15,20,20,27,24,22,12,16,17,17,18,24,9,27,25,19,14
158,86,52,74,29,46,61,50,41,91,47,37,58,28,44,54,48,44,37,36,59,42,44,39,51,19,32,32,29,21,48,76,59,48,34,52,27,35,28,31,27,27,26,27,32,17,29,18,28,32,17,7,34,18,17,22,25,14,22,6,53,31,33,41,32,37,23,18,33,34,17,18,23,26,34,6,30,19,18,15,16,27,16,23,10,24,17,27,10,22,169,112,115,42,64,53,57,59,43,31,34,29,40,31,37,34,31,23,19,22,18,30,30,22,31,14,25,23,27,21,106,61,45,56,42,48,49,37,45,34,35,18,32,17,17,21,26,25,26,16,15,22,18,18,30,16,18,12,20,18
162,100,79,54,11,48,53,31,39,12,41,29,47,34,32,33,44,27,25,48,53,55,24,19,20,28,27,16,32,24,26,61,87,51,26,33,34,33,32,12,25,26,9,21,39,21,29,32,22,16,12,9,29,24,20,33,12,10,16,8,42,45,23,14,21,43,40,17,24,24,16,19,16,30,10,26,17,36,11,19,10,17,13,21,20,30,13,24,6,9,151,151,118,70,81,79,46,60,14,39,35,46,36,38,71,35,56,16,41,29,20,43,28,14,26,23,17,59,32,17,104,61,42,42,29,31,36,39,32,15,32,14,19,13,16,13,25,23,18,17,15,19,14,25,27,25,11,13,25,19
157,65,82,91,21,79,47,72,29,92,61,44,66,38,35,42,31,43,54,64,26,36,42,41,67,25,40,34,38,43,54,63,82,44,31,30,40,29,48,20,38,19,21,20,24,27,31,32,22,30,21,15,26,25,20,32,23,26,31,7,50,43,23,44,56,28,26,26,31,52,30,45,29,19,28,15,46,33,42,38,21,14,27,15,22,27,16,25,13,18,118,94,119,50,56,65,48,68,27,56,24,39,42,46,39,35,28,25,25,23,34,19,27,14,16,35,25,43,35,35,119,50,51,29,32,46,42,33,29,18,33,20,23,18,31,19,33,30,9,17,15,10,12,19,24,8,21,14,28,13
382.965230406477,188.888730284744,172.798756855379,141.569432613157,38.5077962863025,103.031114765831,143.15780470811,98.7023276564191,66.8916848220827,106.225838734544,92.0828198966316,103.851870799182,116.105550412471,58.3306154493809,66.6379301855864,83.7701890248816,101.43718845547,85.0938099959967,71.9438410804434,97.917420986779,95.9814677590534,119.081174652155,81.5125888169172,53.3924388422448,53.7738715019091,78.7962386358861,76.7274888630014,36.861688289309,91.6039260747401,82.6815929864296,81.5585880470247,142.857439676308,116.159917889758,116.753802954214,80.4747328444851,94.5332483430725,58.4898159644316,80.2921041910286,48.4763929345776,17.6912257187769,52.5746080924831,44.4754951143828,32.1943259138649,36.5593936597815,72.6999724250957,62.222519928952,50.1613328328963,71.6398243250287,63.2166570318518,54.17275182454,41.9289358316471,26.7077759748708,34.3209467584584,34.5001124808972,46.429080742527,66.4073290899556,49.8715490136785,28.9990179299442,25.3903150202186,18.1847005690321,86.5223727695677,97.8316248306117,59.9291643525628,48.4262412531688,60.3803310693714,86.4076328407719,80.2867307602278,54.1077551830981,49.12151959826,70.7424338527572,57.1749527234756,34.6238051577612,56.4318584663554,66.9168026623147,59.1070405629444,51.2456349757397,51.5000787099588,62.5963104657487,48.1968805349651,37.0590755291199,39.3222319984477,25.8283087379157,27.0685466716031,42.6105000075674,43.2811315916464,61.4551587771906,35.1888012184353,45.7191326948843,30.8532804667749,15.7908415816668,260.247143245996,396.003635560523,266.729693232849,137.436526129942,159.898887761213,126.79419611837,95.6947993290633,111.45946535886,22.2477587523929,71.3115156732097,82.9397982196625,104.755898654327,83.3531262883483,65.2844993964471,93.6119091364737,67.8222822955912,85.0689461112671,25.2633179028372,59.2861099090206,63.5220125368078,48.17328480821,70.6405625137777,62.0960984538715,29.6266648091151,42.4707930071234,59.0871692843514,74.9804951863578,99.1291275398195,53.4323815933492,38.2010357320885,220.510968540866,153.672031823432,112.103426398079,86.0927198096618,85.4531987996422,96.1228006080143,105.609373628882,100.291241871882,90.8691350272001,56.7018226448455,70.551739880977,40.2029180868183,58.6182216751066,38.561166405275,30.6593218041111,57.3792572752973,82.06636751907,45.2562320995058,29.4965427783918,37.6045588448564,36.6311490231658,29.5134199307647,31.1037829269666,48.0003110264125,43.9039881676053,56.0729801455654,43.8008952657501,34.2640989958723,57.7809058073706,39.0902490747314
159,76,102,99,21,56,63,48,29,36,51,45,49,38,42,33,61,40,32,46,54,42,46,22,41,25,41,19,44,29,38,62,67,71,50,45,36,36,36,22,35,28,20,20,32,24,37,31,31,26,31,8,22,20,16,27,11,19,21,6,68,58,44,20,27,27,39,34,25,40,17,37,29,26,20,27,18,28,17,27,34,25,28,21,18,19,12,17,25,14,136,119,123,73,47,44,41,40,18,40,36,28,40,56,47,35,41,26,22,38,38,32,40,19,20,34,30,36,31,25,98,41,59,39,44,55,26,36,32,24,38,24,29,19,19,14,23,26,16,13,23,15,8,21,25,10,20,19,18,16
25,11,9,10,2,4,8,5,8,4,0,7,1,4,3,7,6,1,3,6,9,7,1,4,7,0,3,7,2,3,5,7,9,6,3,4,3,5,6,0,6,1,3,2,3,0,2,2,2,4,1,7,0,0,5,4,4,6,3,1,10,2,3,2,1,4,2,6,6,4,3,2,3,4,2,2,3,2,2,1,3,1,3,2,0,3,0,3,1,1,22,11,6,6,5,11,4,12,1,7,3,4,4,7,3,6,4,5,1,4,4,2,1,2,7,5,1,2,3,2,17,6,1,4,7,2,7,4,3,0,5,3,2,3,2,2,1,1,5,1,3,4,1,1,2,1,0,6,6,4
228,141,129,100,27,81,74,80,40,85,79,68,81,86,47,48,61,78,50,59,49,44,52,57,71,33,59,29,48,36,59,76,127,91,65,38,45,57,49,17,46,33,23,30,39,36,37,59,31,36,38,51,48,34,30,25,37,28,24,15,66,68,58,38,43,50,54,33,41,57,42,49,31,38,30,36,34,31,34,40,30,21,27,33,31,37,21,22,27,30,171,133,107,57,87,63,47,93,23,48,56,54,49,40,73,50,23,20,43,39,54,35,17,14,32,56,21,46,26,24,143,56,57,62,53,66,42,54,49,33,51,25,35,28,17,35,40,29,29,31,43,24,38,30,20,14,35,32,32,24
176,74,80,51,32,74,65,48,39,43,47,51,50,52,34,40,68,54,29,50,81,62,63,21,41,38,31,30,40,29,37,78,82,63,24,55,30,57,28,8,29,21,15,18,50,28,30,43,35,40,27,8,17,25,20,36,26,15,15,9,41,41,44,16,21,36,23,19,29,27,26,26,22,45,12,22,17,21,12,21,19,11,20,14,15,34,16,20,15,11,168,109,141,56,71,69,55,41,20,36,49,32,46,68,50,39,46,31,19,31,20,66,57,26,25,21,46,69,32,24,95,79,44,35,49,50,49,63,28,27,27,18,30,17,23,22,36,26,17,19,18,9,21,19,14,42,23,20,21,16
277,159,115,108,26,92,91,95,92,64,51,55,79,64,55,72,88,61,62,63,75,100,45,32,41,78,37,32,62,43,70,118,108,127,58,89,45,82,62,12,45,39,15,47,64,41,43,39,46,37,41,22,31,25,18,35,30,14,33,36,69,78,57,28,70,34,55,37,53,71,41,25,35,94,32,39,42,48,35,40,31,29,30,26,40,32,23,37,21,24,225,258,223,99,99,118,89,82,34,96,49,76,71,126,134,59,77,42,37,39,22,69,51,37,26,34,72,100,60,46,157,148,108,75,72,63,57,56,60,44,45,39,38,35,18,52,94,43,29,35,32,19,19,52,36,52,34,33,29,30
188,80,85,107,26,60,72,50,38,33,54,52,59,45,26,41,52,47,30,49,61,63,40,21,38,22,30,20,49,35,48,66,92,53,62,43,32,61,41,21,40,21,11,15,41,46,26,42,32,22,25,15,28,25,18,31,20,18,10,10,75,64,41,31,46,43,67,36,49,45,41,43,39,30,31,38,23,27,27,29,26,30,30,23,19,36,19,21,14,14,149,98,109,80,57,67,42,58,25,44,56,56,43,49,54,45,51,17,23,29,32,18,25,21,15,32,29,35,40,32,107,64,45,61,42,52,40,53,34,30,28,20,30,24,28,25,37,19,22,17,17,13,19,17,14,12,28,17,19,26
103,44,56,36,7,35,19,21,19,24,21,32,27,12,9,33,25,14,36,21,18,20,17,10,23,33,13,12,14,16,14,36,45,16,20,20,18,12,17,20,18,15,14,12,15,22,14,16,17,8,7,6,19,8,14,7,10,4,15,2,32,23,12,15,24,15,17,4,20,18,7,26,11,8,15,10,16,12,25,13,4,26,14,14,9,10,9,10,5,4,51,80,90,28,51,46,26,31,10,20,19,25,21,13,12,21,27,9,7,12,10,18,12,9,18,8,5,12,17,13,57,38,18,30,14,24,16,19,20,8,18,10,13,10,7,10,14,7,7,3,9,10,3,10,11,4,4,10,11,11
182,98,71,103,33,59,55,61,37,85,75,34,83,40,37,42,39,46,65,63,35,48,46,35,45,33,35,28,35,21,47,55,90,45,44,40,44,33,40,15,27,30,10,19,23,31,19,34,29,30,20,44,25,26,15,33,17,23,21,4,46,54,25,32,56,23,31,24,40,30,38,42,36,23,32,23,43,23,21,30,16,15,25,17,23,24,14,22,11,20,126,127,130,58,74,58,67,54,26,49,44,37,28,86,34,32,30,24,28,24,38,29,37,26,24,33,23,41,45,19,91,47,50,36,43,49,45,39,48,16,48,27,35,24,13,20,29,17,25,22,14,15,13,25,30,18,31,17,16,25
152,75,108,96,20,45,65,89,44,72,62,34,56,35,46,56,45,51,49,50,49,40,51,27,42,12,43,21,45,27,54,65,61,50,26,29,33,40,33,10,25,20,24,27,18,29,14,30,33,25,27,40,11,15,21,28,18,10,12,5,38,55,27,21,51,35,56,35,26,37,17,34,27,19,18,16,32,20,23,41,27,7,17,28,23,24,10,24,12,18,121,101,111,44,78,62,62,66,16,49,37,50,33,64,51,33,20,27,32,26,36,35,30,27,18,21,29,34,36,16,81,55,46,34,31,53,24,42,34,22,47,30,30,19,16,34,36,27,17,19,29,10,15,17,27,7,24,20,26,11
11,17,7,1,1,2,3,2,2,4,5,2,2,3,2,4,5,7,3,2,6,4,3,0,2,0,1,2,3,2,4,11,8,6,5,3,1,1,6,3,2,5,0,2,1,3,0,7,5,4,4,1,3,2,4,2,0,2,0,0,2,0,8,1,0,1,5,2,4,2,4,4,1,4,3,6,1,4,4,3,3,6,1,2,0,1,1,5,0,0,19,16,12,4,3,3,9,2,0,7,4,7,2,2,1,2,6,2,13,2,1,7,5,1,2,2,3,2,3,0,17,9,2,3,1,1,4,8,3,2,6,8,2,5,4,1,5,4,2,6,0,4,0,4,1,4,3,1,3,3
94,110,62,56,19,32,38,43,19,29,34,36,30,34,23,11,36,42,24,28,20,20,14,31,66,20,36,11,34,23,32,70,33,24,40,46,38,50,30,12,18,17,12,23,41,13,29,25,19,22,31,24,17,10,26,34,11,23,11,2,30,36,31,16,19,16,17,21,21,15,20,31,12,19,26,8,14,8,19,16,13,11,17,16,24,11,9,21,6,7,85,50,49,35,31,45,27,40,17,24,23,23,30,17,27,34,10,13,19,16,19,18,6,8,3,27,16,8,17,20,93,27,27,27,20,31,10,29,24,15,32,12,30,19,7,10,25,32,12,14,22,5,15,7,8,12,13,12,24,10
158,77,95,100,26,64,81,65,38,52,56,58,59,44,46,35,66,81,43,48,61,66,63,16,39,40,35,21,46,30,58,71,86,67,47,42,23,47,43,8,41,19,20,31,38,22,35,33,35,20,28,16,24,25,18,26,26,14,25,11,43,59,42,36,42,38,41,30,31,43,20,36,31,20,26,23,16,37,30,21,26,18,16,23,34,29,17,19,28,12,138,270,135,76,81,62,59,77,20,50,43,47,39,44,56,43,53,33,30,29,30,32,25,19,34,20,39,47,46,35,103,69,41,56,43,66,37,57,35,23,36,15,30,27,34,21,36,26,15,15,19,17,15,25,15,41,20,15,24,17
205,90,86,62,25,93,63,67,55,35,55,29,57,50,47,46,84,48,31,44,72,62,38,25,36,65,41,26,46,44,54,92,75,81,55,57,32,48,41,12,18,33,14,24,41,26,37,39,32,39,28,13,22,22,9,37,36,17,19,11,53,42,47,13,37,51,59,22,30,41,23,29,36,52,23,31,35,34,14,11,21,14,15,23,27,31,10,30,14,16,151,172,128,70,71,103,81,75,36,65,58,36,39,77,89,35,70,27,34,34,18,51,33,35,25,31,39,61,35,42,116,85,61,61,41,61,64,41,54,36,48,36,37,19,44,31,62,41,19,24,23,20,14,30,21,41,30,16,30,34
20,24,13,8,2,8,2,7,12,4,3,2,6,4,1,12,2,1,4,1,1,5,4,1,6,3,1,2,6,4,2,11,19,8,1,6,3,1,3,1,3,9,1,2,3,6,0,2,3,2,2,2,0,2,3,2,2,2,4,1,6,9,4,2,4,4,11,6,7,10,3,6,2,5,3,0,2,3,2,3,3,1,0,7,3,3,1,3,0,2,16,15,16,7,8,12,5,8,1,3,6,7,4,9,5,6,1,3,3,3,15,2,4,4,9,12,2,2,7,2,15,12,16,5,4,3,3,5,0,5,5,3,6,4,1,3,7,3,8,1,5,2,5,8,0,0,2,2,2,4
299,198,180,120,42,128,147,107,65,79,78,97,127,86,78,74,105,80,93,87,114,89,77,36,52,60,72,57,85,80,94,123,147,137,76,52,55,87,63,15,65,41,27,53,78,40,45,63,62,52,30,19,50,59,38,44,46,33,30,17,82,86,103,55,55,65,79,63,36,66,76,65,49,63,41,50,55,65,33,39,57,37,33,40,30,52,30,30,37,34,259,426,246,147,119,133,107,110,35,84,82,95,91,78,144,78,66,39,67,68,50,62,59,44,44,59,70,111,56,33,172,112,109,99,99,90,95,84,91,50,66,39,56,46,26,47,86,40,38,34,50,33,28,54,45,44,40,36,61,30
22,13,16,11,11,7,6,6,2,11,8,10,3,3,2,8,6,7,5,8,3,8,6,6,11,3,4,4,8,2,7,12,12,7,7,10,6,1,14,7,1,1,6,5,4,8,11,6,5,2,4,0,1,4,2,4,2,3,3,2,5,4,6,0,2,6,3,3,5,4,4,5,1,3,5,1,4,5,10,3,0,3,0,4,2,0,1,5,3,1,18,10,16,4,11,3,3,9,9,2,13,6,7,5,2,8,3,0,0,2,0,4,0,2,1,1,5,2,3,4,9,3,7,8,2,5,1,7,3,1,4,1,2,3,1,3,5,7,10,1,2,0,2,4,3,1,2,5,6,0
180,96,86,82,32,56,88,74,50,93,44,41,58,43,49,37,50,38,32,42,53,45,58,56,64,43,35,24,37,26,52,64,91,46,44,48,54,36,44,27,35,29,46,26,39,27,22,36,50,30,28,12,30,31,23,33,27,19,31,12,75,40,28,38,29,30,12,22,36,20,23,24,33,21,46,12,21,24,18,19,16,13,13,20,23,29,16,25,29,17,173,108,153,59,71,57,59,73,72,32,43,39,41,60,36,51,34,27,32,31,20,43,25,20,33,18,29,34,41,22,127,82,65,51,76,48,46,59,50,28,43,13,34,28,31,15,33,28,27,26,13,14,25,17,29,13,18,15,16,25
121,84,79,77,37,44,74,79,40,103,37,29,75,51,40,46,34,38,29,46,45,53,50,46,40,34,38,29,39,29,60,58,53,63,26,33,52,22,27,24,26,30,17,23,29,35,34,27,25,26,19,10,22,22,19,21,23,14,19,9,61,17,23,32,28,24,18,36,29,21,20,30,20,34,42,12,29,18,22,23,27,30,17,15,13,23,14,16,14,14,125,130,105,55,60,62,47,84,58,38,38,26,35,44,31,30,25,21,20,31,18,26,24,24,27,20,39,24,19,24,108,69,67,38,45,39,37,37,37,31,22,12,24,19,19,21,17,19,13,15,20,20,21,13,11,20,22,13,15,13
289,128,159,111,28,103,112,97,107,84,67,65,88,64,66,99,98,60,50,68,54,102,57,36,72,81,42,49,77,61,66,123,118,180,57,53,41,90,65,18,61,42,20,44,70,55,65,62,61,53,39,27,41,48,27,66,46,35,38,25,62,84,89,38,75,46,65,52,70,61,50,30,52,81,38,49,45,69,30,43,40,37,23,23,33,42,43,49,34,19,315,287,189,121,128,105,110,97,31,121,81,114,81,101,118,80,94,42,56,59,34,77,43,56,35,45,85,71,49,57,222,172,136,78,76,71,98,82,78,62,67,37,45,45,12,60,94,53,42,41,42,33,24,34,38,57,40,34,46,36
191,85,88,56,16,54,60,44,54,32,50,39,49,44,45,38,63,45,32,55,56,63,48,15,35,47,42,18,41,35,35,94,79,63,49,44,35,50,50,9,29,13,9,24,41,30,39,50,35,30,22,11,32,28,29,31,21,24,15,13,34,43,40,24,31,51,39,28,31,18,28,36,25,72,18,17,13,39,12,18,35,8,21,13,21,42,15,20,12,12,178,126,131,66,78,60,65,42,20,46,45,54,39,54,47,44,52,20,29,36,17,48,45,27,19,22,42,82,36,41,108,93,38,56,47,76,40,56,34,26,44,16,33,32,31,21,19,21,19,21,18,12,15,19,30,40,18,23,18,20
187,70,86,118,39,73,75,49,37,44,57,44,54,37,37,44,65,57,39,54,59,61,47,15,38,29,46,13,45,37,37,74,54,61,66,38,38,44,35,12,33,18,15,25,29,36,36,42,27,35,37,29,17,17,21,21,16,19,15,7,63,69,38,20,24,40,39,31,27,49,34,40,35,37,18,33,25,33,35,31,36,25,19,24,18,32,25,19,17,21,133,131,110,86,49,59,66,68,18,53,54,58,32,60,51,38,39,22,26,44,27,32,36,22,29,27,29,34,39,43,91,40,48,68,40,58,33,48,31,21,50,22,34,16,16,20,33,21,24,13,25,15,12,20,27,9,28,14,22,24
134,64,47,47,35,43,41,38,28,53,32,25,43,26,23,29,44,26,37,29,33,28,27,23,29,22,27,16,16,25,35,53,47,32,23,21,20,33,35,20,17,12,15,18,18,20,39,27,20,11,19,9,21,20,20,26,8,14,13,5,48,40,33,27,32,22,22,12,19,28,15,21,23,12,14,11,24,17,16,12,14,20,18,17,18,14,15,7,10,9,107,70,100,59,76,50,43,53,24,45,34,22,20,25,23,31,22,19,22,22,16,29,13,4,19,22,14,27,22,22,97,41,27,24,24,16,47,29,21,21,26,9,22,13,14,17,14,17,7,13,11,15,9,23,26,3,9,12,10,18
164.262123489356,92.4285910544362,74.6096776965607,176.445197587616,33.1700089247469,66.8226013758718,70.7724477144849,52.892553292693,42.1806286849585,34.9617515797555,46.2523149957582,31.7707003369517,56.0885042854035,40.4857371323525,31.0077618219204,46.9858038588364,43.9026429567816,36.3391462475856,41.0999990797607,58.1470659514834,36.6278336192046,42.9455562111301,37.7390359945755,26.9514506795531,50.0323492051168,29.0434658724611,37.0255110463471,31.8100573436398,24.1621638964068,36.1508670835916,50.129613146836,81.4805018042411,86.3202427086802,59.4636262702738,48.5049106509645,32.6977959344794,34.7256537565349,29.5231722047882,31.8686812507714,23.2218518910308,27.52019345308,29.1656974266718,21.9664816359453,31.5630751136967,35.9934441076581,19.9002603575053,28.8734187479761,37.4435152503565,28.4709531933533,35.1912621560255,15.4186542059112,35.4202407733881,36.44885042917,29.2497960592045,28.0493053985106,38.0885366262936,17.9443816155531,17.1417005541418,22.8138356299243,16.1899897892757,46.1273388706097,32.0764952332561,48.8752391531158,22.600710422611,37.5765112380615,35.2815972284605,32.5846764399989,26.6739512633508,19.1581222372563,24.7572090908077,36.4689301068123,26.9401566102313,29.1782079945559,35.2223321434921,26.144251958298,11.355054558369,24.4598042099712,31.6239650831507,30.1247821728841,23.4466641328404,21.3445157428218,20.3539058381308,14.3669875273366,24.2369850987887,24.6071319208679,15.4075303220927,20.8862241048377,38.2475328961371,17.2295208176343,16.3384443356516,158.337628682425,139.537370277176,109.242983188864,68.0897400216417,60.7938076942178,74.0205575444332,55.3341244029894,82.4676349004895,36.1610609625383,42.7114107552685,43.8009042789264,39.1881886195881,40.7427521373629,60.3893922401687,46.1310217355721,42.1676813942071,27.3403333556251,25.7348194748417,41.4422692687051,28.8264968310092,34.6726227039442,45.3871860437188,39.6432673923296,12.1606853382648,18.5020052400309,18.5624622003692,26.3134546972691,51.7987409399904,17.8263533633611,22.6895686097395,110.000165308794,68.608718161976,60.1963468770728,50.122092010332,41.0553681408569,45.887338737218,45.6027276872642,47.3009678214713,32.797867484099,23.3797315675689,37.4957538961173,14.7937139778396,21.3009936839975,21.3636309559517,17.1705546422079,27.234327103726,38.8495321383744,33.5322627176918,19.7975387564705,25.1868100009981,28.4960870637135,20.0161386025359,19.7629660976109,30.1453289750684,22.8728886424967,29.6703569231428,22.4580905254981,11.1110570538383,21.7771938517454,17.8842430504491
258,123,131,100,35,86,133,92,49,55,69,85,105,55,68,60,109,96,53,93,80,63,73,36,47,68,78,43,72,70,52,99,108,118,91,69,56,82,67,13,39,40,21,27,56,41,52,45,51,53,38,7,55,33,34,33,24,35,20,11,58,66,87,57,39,63,54,37,33,50,35,38,31,47,24,48,27,46,41,28,38,37,43,20,33,42,25,37,25,26,212,323,168,93,77,53,70,88,25,72,64,87,51,63,93,55,47,43,23,65,32,47,46,38,32,35,39,94,36,21,156,99,76,86,64,86,73,72,73,42,52,28,64,49,19,40,69,40,23,32,43,32,18,27,34,45,41,26,50,28
55,51,36,32,5,16,14,10,23,3,21,16,7,12,3,17,7,8,13,8,7,12,7,2,9,14,4,9,18,12,5,15,26,9,11,9,19,7,7,5,7,9,7,13,8,13,9,5,3,8,8,7,1,8,8,5,3,6,15,2,24,25,16,3,13,10,17,16,10,11,5,13,6,13,2,6,12,12,8,13,4,6,4,7,6,5,2,4,3,2,42,89,48,28,27,14,18,24,9,10,12,14,8,16,12,15,13,4,7,9,20,3,7,9,19,16,10,15,7,18,35,22,18,12,13,8,9,9,6,13,13,5,8,3,2,15,8,5,7,8,5,11,2,11,3,1,4,11,9,4
43,29,34,28,9,14,16,19,8,10,9,33,12,13,12,18,11,26,8,20,14,17,8,14,17,8,15,6,22,10,18,29,26,23,17,20,14,15,9,7,6,8,10,10,8,20,17,7,12,8,8,15,6,16,10,10,4,17,4,6,23,16,19,6,8,18,13,13,9,8,10,12,10,7,11,8,8,9,11,8,15,6,12,11,12,6,5,17,4,2,49,15,32,29,13,22,16,22,3,6,16,7,22,12,13,11,6,5,7,6,4,10,9,5,9,5,4,11,11,17,21,12,12,20,9,19,7,17,10,6,11,10,11,5,2,3,4,10,7,9,15,6,6,8,8,1,4,7,10,5
217,74,93,83,22,69,82,50,52,40,57,43,71,48,40,64,70,54,26,36,68,70,60,26,22,63,31,23,38,37,37,83,69,105,35,45,54,48,42,7,25,30,18,29,44,40,46,57,36,43,18,21,33,23,16,25,22,24,25,14,59,65,40,23,70,37,39,18,34,34,31,28,34,62,29,25,18,40,23,21,28,17,22,20,25,34,13,34,17,16,184,189,138,58,75,76,69,70,23,79,54,46,40,99,80,48,64,24,31,28,14,34,34,15,25,32,51,84,30,34,132,102,70,48,50,51,44,42,39,32,30,15,25,35,29,27,50,35,23,23,22,24,19,27,38,29,28,21,25,31
206,111,109,126,27,80,58,87,54,81,59,46,76,60,32,48,73,66,63,67,48,54,56,47,58,60,49,24,39,39,55,69,76,63,48,38,38,44,44,19,41,42,18,28,20,30,28,34,39,33,32,48,13,24,14,28,23,10,27,8,70,73,27,45,52,27,44,29,43,43,27,38,27,41,19,19,42,29,36,54,33,23,12,30,27,27,14,16,22,18,138,138,158,67,114,64,69,83,20,54,53,49,33,58,50,46,27,28,35,36,52,30,41,24,27,44,53,49,55,34,97,76,60,40,34,49,62,37,48,36,31,36,27,23,39,27,47,28,23,29,26,26,20,22,35,10,31,19,14,25
32,17,11,9,1,9,7,1,9,2,5,5,5,4,1,6,8,7,4,1,3,9,2,2,2,12,1,3,5,3,7,7,15,9,6,8,5,2,5,0,1,4,1,4,13,3,1,4,3,4,3,1,2,0,3,2,3,0,2,0,6,4,4,0,5,2,2,4,3,7,3,1,2,6,3,0,0,1,2,2,1,1,2,1,6,0,1,2,1,0,13,34,22,4,10,6,15,7,1,5,1,11,3,7,7,12,7,3,2,8,1,8,2,6,7,5,0,12,4,2,13,21,13,3,6,3,4,5,2,3,2,2,1,4,4,1,9,3,4,3,6,4,0,9,0,3,5,2,6,1
15,15,13,4,3,6,5,3,4,5,4,9,1,4,9,5,5,2,9,3,2,3,13,4,6,4,0,3,3,1,10,7,9,7,12,2,4,5,4,1,1,1,2,5,5,2,5,2,2,4,4,0,3,1,6,6,2,1,1,0,6,2,4,1,8,3,3,1,3,3,1,1,2,2,4,2,3,1,3,2,1,1,1,3,1,4,0,1,0,0,9,9,13,1,13,3,8,8,4,7,6,6,2,4,0,6,3,4,0,3,2,4,0,1,4,2,0,5,5,3,6,2,1,7,6,0,3,5,6,1,4,4,1,4,3,0,1,2,5,2,6,1,4,2,3,1,6,3,2,2
181,104,81,81,39,72,86,58,40,213,42,45,74,41,50,58,46,33,26,35,54,52,47,31,41,32,42,26,37,26,39,77,92,52,45,36,41,35,44,28,23,39,28,27,31,21,28,40,27,30,23,14,34,20,25,20,26,18,25,13,66,32,30,54,24,30,18,22,33,23,25,23,31,22,38,16,28,26,19,24,24,13,18,18,19,31,21,25,22,23,178,103,130,52,58,65,70,83,55,46,43,45,34,50,40,28,40,38,33,42,15,29,34,29,31,12,29,32,24,21,131,57,61,61,59,53,58,53,34,25,41,11,32,27,22,24,26,32,28,22,18,20,26,12,39,24,30,11,20,41
209,89,115,72,29,68,90,76,44,53,50,60,61,43,29,35,64,65,37,44,63,58,33,20,31,50,30,23,55,30,49,85,100,80,52,53,28,40,35,12,32,27,17,23,53,30,29,49,37,10,27,23,24,23,19,34,29,25,19,7,55,45,51,30,40,36,42,27,39,46,29,27,21,28,21,32,21,29,24,25,27,16,21,30,24,42,15,37,6,13,111,285,154,81,49,60,59,79,14,57,38,37,36,103,72,24,57,29,45,35,29,35,28,31,30,35,45,60,39,15,98,64,62,50,42,53,39,51,33,21,40,14,26,30,25,27,49,21,9,21,25,11,15,24,25,41,19,24,18,21
270.733962613272,169.01835626545,137.626855856584,151.029838260795,66.9163565395252,95.6455277533306,114.547239024673,87.7092970457213,85.1412448828064,127.739213477292,75.5242908249311,65.9223225172109,97.9472730185775,63.7091710203513,77.3677216727366,81.0950288718032,69.9660383541714,65.1810371949707,51.263282766606,68.2005168159397,92.5263780517724,70.5253343690211,59.9019332509142,66.1305134194796,64.0906500916154,39.9316902906865,63.6588359561395,35.7089831720787,64.3541966529821,37.9164708554023,111.111166020519,126.405168828967,95.0186353838183,100.69640422216,70.0241654221328,43.6215761774896,60.5991523533631,43.0862152094527,66.0714518962806,62.1499469500261,66.8283134099431,49.6775261843908,44.0879947590231,67.5662859221693,48.941967740145,51.5271280525488,49.3320346844936,52.5414421363282,50.3144014842358,40.94110740902,33.2458563925502,17.4448569293392,53.9404611992368,42.3041732070221,40.6502822893544,34.7940682940356,41.3235756670177,23.6243796788453,43.5726435187038,16.0294471203979,91.9810506285411,60.4244524078546,73.89954538664,51.9590452894342,51.404965420887,45.0522128729262,40.5591238574993,44.5269862515154,39.6442850488843,31.4624420345547,37.4663986457642,41.3534243089016,37.5299777522604,46.408908961484,48.280659068334,23.2898316543585,46.4206864703211,39.2410084555759,37.3130104625508,34.9337800946908,28.7236181394875,50.9438146311597,26.540160734321,26.8070089694547,28.2317435798072,23.8467124282268,23.4036650119453,45.3525962676957,26.1554467004845,25.9950475892577,233.415488902203,202.064344000883,231.699570139299,84.7777400906253,118.470576180514,76.7645737099156,93.1026668630961,109.171991983445,99.5490957146333,76.9390191950323,66.9207264188995,56.9093836643829,68.272176298206,71.3558485248277,78.8792798462642,52.6756006184179,55.2704868443382,44.2723820622957,37.5340771616845,60.0661899948566,39.8339595495493,57.5346703076096,55.0512505117892,29.7211894048509,58.5653762631196,28.563684245723,67.400576581771,58.2102942364251,44.9420649444072,49.5484585371288,180.356056191172,113.607040582632,113.914791205234,83.2612295559546,86.9756493938882,66.2303141431802,61.1566637045831,84.1857118561039,61.9605677097031,67.4216645745965,75.0042143426382,33.9652650694651,60.6143919681656,58.9719040902952,31.7729768555765,43.011510879837,65.3347586230118,38.9529165991295,38.1950933027792,37.0415767215133,35.240903735692,35.916389290947,35.988690971705,36.9730153617334,51.8857139829,32.3512631257427,36.9649489227714,30.6172164745508,47.8050709874659,40.9007510724002
182,86,77,95,19,68,68,50,56,44,48,47,65,37,33,37,56,55,31,36,41,59,42,21,27,56,44,14,39,38,36,63,79,61,37,45,44,27,36,7,22,31,19,19,34,26,40,33,59,25,35,13,25,26,18,29,21,14,17,5,38,46,45,19,29,36,34,23,31,26,23,25,30,66,29,14,14,35,5,17,31,24,20,7,20,41,21,19,21,18,192,129,128,59,57,45,53,46,18,32,38,44,29,36,50,32,43,18,23,21,26,45,44,16,16,32,43,64,40,33,91,73,47,42,33,64,38,53,39,19,31,12,27,23,49,15,41,27,12,17,23,19,16,20,27,35,13,9,19,23
281.052719681793,127.025329776956,155.183330035711,128.498227912651,39.5621934224081,128.17297639724,124.741785502009,81.2848548705294,64.938822894939,96.9184755269291,76.7089996935724,72.581510618783,119.867316880394,69.6602089894914,59.2891430932999,83.5104566372543,105.694418702021,73.9881219462552,63.3609464654125,80.360870562471,88.9429613014538,81.0543922015507,53.8748408297906,45.6592061341516,64.799358471467,63.0337864269525,60.9759780720061,46.8574809553077,71.6231094014864,62.2748674692783,71.6294871404216,131.71644195264,118.098235663419,127.258103193916,74.8358526109376,67.9103454927306,47.0926790597296,77.6824582257404,68.7596185247565,20.0954808378818,44.9451192784388,48.0481533419293,30.1102912795591,49.4646010894689,68.0440658897417,36.6129948006264,37.5627770763122,70.3388791290885,39.7560746561892,58.6232455034204,25.5539087252623,34.3953327032046,31.3596047312691,40.1967540066317,35.7911963219536,50.8032576709363,43.9964901426977,31.7469593985085,34.7534551389231,29.2874111539098,68.3929097299893,79.1302619905083,68.6425886413326,48.7024690721492,57.6073895987893,37.8065892086559,64.8604430092631,53.1360695145716,45.9404834709234,76.7800739478354,53.504007184236,30.956443799244,32.443325787092,67.8376113827418,30.7828071248831,47.7231022053712,38.4006623528577,53.432571330319,47.6190878890323,32.8894765768179,62.0367978341055,45.7211973703748,36.0821543831052,37.8665156631023,53.0147249959161,44.8503548987792,25.2442420876862,44.8121705023303,31.9720215166134,31.8391578165854,294.998769985749,274.780943361682,186.620283878232,95.6223617935995,122.451998409175,139.541175865805,90.9336868500226,95.7366488982518,31.7939739185449,75.2394814512612,78.3654676165997,65.2054950791442,82.3960048310021,101.564366811701,132.66982544242,61.6835133047081,64.1028655873231,34.5467939001036,42.9640283195176,60.9089552588907,50.3266223077835,44.5459032755532,43.4365852973136,52.799168815893,39.3837784556591,68.2803801784388,86.9079681478406,98.6896744859138,46.2468823905924,46.1520541268493,183.583698167497,151.016207067719,115.035826056445,91.0473905652916,75.8562956146326,77.8335725971361,67.9442434781273,79.2192659384324,86.8682918566642,57.7503489858136,87.6168583407087,50.0546668840968,52.2728496997861,42.8687828133848,23.2321124456099,58.6935236822545,83.0616359553772,63.2061094055657,36.4727931777174,43.8915658382867,50.4059266370026,62.8254257041676,30.7036686989464,69.4082767292945,35.6674779267741,47.126628362253,61.5697321232974,29.7254944838658,46.7260483871269,43.6435834119348
152,79,88,136,20,72,98,50,48,42,40,38,48,41,34,49,46,58,31,66,56,54,45,13,27,30,55,18,38,27,24,56,60,57,48,50,33,48,35,11,28,12,13,28,36,18,35,50,42,38,24,11,33,27,22,33,24,12,19,5,45,49,40,17,31,25,42,29,32,30,26,42,40,14,21,17,20,25,17,22,22,16,22,17,29,35,23,20,16,16,143,174,114,87,57,59,64,63,22,37,34,43,32,58,39,31,58,10,24,28,19,38,34,20,31,15,30,25,22,22,98,75,42,49,36,48,46,44,28,18,45,25,37,23,30,27,38,15,18,19,25,18,12,27,21,21,22,25,23,21
148,58,71,76,43,47,49,49,32,47,39,42,68,25,24,22,59,33,43,45,30,38,40,31,47,10,26,19,43,21,44,69,72,42,42,29,40,35,44,34,39,23,18,18,24,41,32,45,24,32,28,10,31,27,24,18,12,23,11,10,62,50,24,22,39,27,24,27,20,25,37,32,34,23,16,11,26,22,30,17,13,19,17,14,29,26,12,14,25,14,124,96,112,74,93,61,51,50,24,45,38,30,41,37,37,28,23,11,25,40,20,30,30,10,19,20,23,33,21,23,92,39,30,41,25,40,40,28,21,14,22,16,29,12,12,20,18,18,14,15,14,11,14,19,18,13,11,17,8,9
136,66,59,57,12,48,38,25,36,20,20,21,12,38,18,39,33,23,22,29,23,27,15,4,16,16,18,7,27,16,9,58,58,28,29,21,13,11,29,4,21,15,4,19,27,20,19,9,12,13,15,8,9,12,9,11,9,10,18,4,39,32,12,7,28,19,30,26,36,28,12,23,10,14,20,28,14,11,8,21,22,13,11,23,15,14,11,14,6,10,93,126,94,48,44,61,37,49,15,20,28,27,28,22,31,26,19,16,7,21,36,12,25,16,18,28,13,18,11,35,78,43,31,19,24,38,24,21,23,19,24,12,15,13,7,14,8,9,24,11,10,13,10,25,12,8,14,21,15,10
191,107,77,110,18,78,64,56,43,52,50,42,72,45,46,33,39,45,47,33,48,50,43,33,43,41,27,18,19,25,55,67,85,51,24,33,37,47,33,17,43,29,11,28,24,31,30,29,32,27,27,57,30,26,15,36,27,22,21,10,46,50,28,37,32,23,26,46,37,56,23,30,42,26,20,19,36,36,16,29,44,17,15,21,13,15,15,13,16,20,122,107,127,56,63,66,69,79,24,48,40,44,49,69,36,38,20,26,32,26,49,37,27,19,20,37,22,36,30,18,81,41,54,49,46,40,38,33,43,24,35,21,23,21,17,31,39,25,20,17,17,14,19,28,23,18,25,40,15,21
175,80,92,80,25,70,72,52,40,60,52,47,56,45,42,48,58,51,44,54,50,47,26,15,26,55,31,14,41,36,36,82,56,93,30,55,37,49,40,7,20,26,12,23,47,32,32,27,41,22,16,10,25,27,14,26,13,19,16,8,57,54,37,28,60,23,31,39,36,34,22,28,44,40,24,34,23,32,21,20,32,27,19,19,55,28,20,39,17,15,146,169,120,61,54,83,72,61,24,62,42,46,48,87,66,34,38,30,15,26,17,50,24,14,36,26,50,59,47,27,119,75,53,57,51,48,33,41,34,25,29,20,32,25,16,22,49,25,30,22,18,11,15,18,30,30,21,14,32,10
20,11,14,11,1,5,16,7,6,4,4,7,13,8,6,7,10,9,5,2,4,9,2,9,11,7,5,1,3,4,9,15,12,8,7,12,1,6,5,1,8,7,5,5,4,6,14,7,2,6,7,11,5,4,5,3,1,6,4,0,16,15,19,3,7,6,7,7,1,4,5,6,1,4,2,3,3,3,5,7,12,3,4,3,7,6,6,10,3,0,25,10,17,11,8,14,11,18,2,4,7,10,19,7,2,8,4,4,1,5,9,4,2,3,5,1,3,4,6,4,20,17,15,4,2,8,3,16,4,3,4,4,4,3,3,3,11,5,7,5,5,2,1,7,4,1,2,3,6,2
135.706445266819,64.1319098063216,76.9629057637353,41.9050181183406,-20.0425347253472,40.5680433880069,59.4226508949362,30.9743379404416,11.8992555306745,33.9069545047421,20.8004152106911,36.5711905699119,32.416305557686,29.9854294429852,22.3237671573647,41.1719151888501,48.1274757418014,52.0383441506086,18.5966571189851,35.2909237296568,59.9505732084285,39.4260633092728,37.8626483561435,15.6836523864223,23.9168256132929,32.6777036425541,37.6264147817538,3.63145182750193,41.2543773283716,27.551477083174,1.07024645349728,55.0157067957086,54.5517362918342,57.2926842261644,44.5628009284862,68.5906595307043,15.6732070217478,32.4544741395889,44.9309743264743,-7.53815918330336,21.9111362390421,17.0712698576326,-2.70433325916098,6.23080893574836,28.8730250707805,16.5292647438063,27.1720918071429,38.9532371207912,32.5655246022988,24.5854440940405,26.533442464886,-0.860586333664465,13.0400769459369,22.5908715480103,27.1814252360655,22.9114254624909,8.65965100624231,10.7591904408079,18.9001237977743,-6.87656625357445,46.8939917003335,30.0015069695952,40.2409599943852,20.5319494314753,24.6917853039468,29.5663659977493,31.6751120985353,17.8848650646369,19.5212911944601,37.8553820418883,23.9302097897519,11.3737418198854,19.4004958020663,17.111062266536,10.9866911786889,16.3310683368105,12.3015033121974,22.1412383946855,16.5049283632474,13.8532436747312,18.4996066797268,19.1702666812762,20.3935300066799,23.0195089095107,21.1742287650909,37.5714018858737,7.64020334693824,21.5983819676859,3.30850514190735,6.90457598238295,110.199823613176,175.571821620503,93.5180810694361,19.2312996178967,45.693857411367,20.9738466600833,38.4197936730297,47.1932238363452,-1.51849534145689,34.1959021585295,31.8392004249532,24.1482340956607,38.2650170477419,41.4955087081895,69.3999727270503,46.4046119283604,34.9744590678923,12.2321982884871,21.4606914722394,25.4519114768713,10.550948438668,42.1879390369875,18.976020552882,0.479980206998135,11.4489321334066,17.1824668332758,27.6005303131234,49.7651333097875,25.4917061563931,13.9028736655574,95.4215375468372,51.1184379308024,46.2414771560418,36.4991878268577,23.858716987518,32.4024810204883,20.9191885388261,47.4356385948829,38.5402352280148,9.48258080781977,34.3013351213011,0.618828042741924,30.0158518875005,17.266595195142,6.20629759124685,4.82616534606727,38.9364449057455,25.3632122703361,13.2928935986533,11.7173781399707,16.6148156456107,10.9248253959376,8.57581689850901,9.31173763997682,18.7402313728479,31.646376905264,12.5248122720031,17.0600949410652,27.0244377743733,9.9861565848436
231,141,132,156,27,76,87,101,70,98,59,51,86,59,44,78,92,57,80,81,46,71,53,56,63,58,56,43,75,41,62,103,113,65,58,57,57,53,37,26,49,39,26,38,39,55,35,48,37,41,51,62,29,22,20,36,31,16,33,10,74,80,39,49,65,33,71,33,66,59,58,49,36,46,24,26,55,53,26,43,36,33,21,29,12,41,20,26,12,20,159,157,193,88,151,103,89,102,27,54,51,58,39,41,60,53,35,31,50,42,60,41,43,29,46,58,55,72,45,43,140,86,84,64,42,61,67,58,63,39,34,27,33,31,39,49,73,27,21,34,26,30,22,29,40,15,28,44,12,21
45,43,26,15,0,19,10,6,29,11,9,2,6,14,5,21,10,8,24,14,9,15,9,2,3,8,6,8,13,7,6,19,26,15,15,7,3,3,10,2,5,10,1,8,8,5,8,5,7,3,3,0,7,5,3,2,4,1,9,4,11,22,10,7,7,8,16,5,9,6,12,3,2,1,0,4,2,8,1,2,5,7,1,7,3,2,7,4,3,2,28,75,53,11,27,11,19,17,7,12,13,19,11,15,18,9,13,14,10,8,10,18,4,7,19,10,21,20,15,4,39,29,17,10,12,8,13,19,4,7,12,5,2,7,9,8,11,5,9,15,5,8,2,11,9,6,3,6,1,2
175,100,75,77,30,67,63,50,49,109,42,51,60,54,54,54,41,38,25,41,42,57,37,35,59,33,41,29,31,20,32,94,56,55,33,30,43,33,43,36,33,31,22,36,40,20,35,33,28,35,33,13,26,29,22,16,24,16,27,8,51,23,25,47,14,30,19,30,13,22,23,23,29,18,33,15,38,24,30,26,22,24,18,14,10,19,15,27,27,22,165,144,115,53,65,72,59,67,77,37,44,35,38,57,37,50,16,25,25,40,21,27,22,25,26,30,35,35,21,34,104,65,72,57,61,65,54,50,37,43,29,13,30,26,34,24,19,21,23,23,22,29,21,14,27,11,22,18,30,22
24,15,16,2,1,1,8,4,3,4,4,9,2,3,0,4,5,2,8,5,0,3,0,5,8,4,1,0,6,4,10,3,4,4,2,8,1,2,2,1,0,2,2,3,1,5,0,1,1,1,2,0,2,2,0,2,4,1,6,0,4,1,4,5,2,4,4,5,5,3,1,2,1,2,7,1,0,1,6,1,4,3,1,7,5,1,4,2,0,0,18,14,16,6,2,6,10,9,6,5,1,9,2,2,4,0,1,6,0,5,1,1,3,1,3,2,2,4,4,3,10,3,7,8,2,5,3,4,4,2,2,2,4,2,2,1,2,1,4,2,3,3,1,1,1,1,4,2,1,1
222,129,121,116,37,73,112,89,57,96,65,76,62,64,49,75,76,77,60,65,68,91,52,17,34,52,51,28,75,56,76,77,100,101,59,72,36,57,53,15,33,35,21,30,45,42,40,45,39,45,26,6,33,27,23,51,40,11,33,20,74,68,51,47,49,36,66,47,64,66,34,38,36,31,25,37,48,46,29,25,32,24,14,26,27,43,30,24,19,19,162,341,206,115,97,102,89,96,32,60,44,70,46,91,85,49,61,38,29,58,40,39,34,30,38,41,59,70,64,40,154,121,71,49,56,69,64,72,39,35,41,21,29,31,10,37,52,35,29,26,37,21,25,32,23,52,38,19,27,22
271.189402045009,168.373886027549,122.836435110201,136.939169139189,59.4080178685849,102.62315445995,117.570968820319,89.1412427028806,60.0757806132799,132.136659533596,70.336771181962,54.6317368637088,99.0851536053997,64.3993074809549,66.0724542713358,49.8539362728116,92.2562603078321,71.5446056933102,57.0978662975074,71.3203757104507,88.1627849267957,70.0861476765928,68.5478875125282,73.9596802753475,51.0859240485681,44.5843664560061,60.4339793704583,52.2297002452148,61.6605777944387,39.7816493056119,100.411718969549,102.004980531065,107.207951068119,72.8394725019916,89.5794714666065,39.444132944555,67.4672621873405,58.3725146522554,80.3606906537904,81.1466615657169,57.7741046298159,47.3480353509318,52.0673534998877,52.3252157419987,70.2883411121349,56.4235078604371,55.7292251327554,40.2744673563684,35.0096630401089,47.2353024953731,36.8245543195449,24.9327818932813,42.9552886529023,47.7885229869935,37.2508679391802,47.8998040654786,40.4608307940041,38.6242337557774,34.8768633705722,18.6187569616532,80.3028212850805,69.4469681344387,56.8574549210233,67.4451068859921,28.1875223141007,43.8547528593785,45.3483520485498,40.6913277905417,33.5430749204005,58.6922658265599,47.8396583602289,34.6100937102746,35.8769168025232,29.2086338587858,70.911713126986,33.4589175899144,65.83929362251,40.8763834489095,37.8027533322265,33.3286559755436,24.5887459670247,42.5857726388451,25.2353226822306,27.8443904384704,24.1254784205048,41.0987647142651,35.9823799577565,39.5679740387729,26.9654037816876,25.888963996522,241.451000838416,184.21275213162,202.762382106445,93.7493390119596,113.250531796231,116.152052822965,94.549035114867,106.702970199423,89.0994278340487,88.723393504178,72.9331640376881,56.1292037410379,67.2329622034705,51.4172396914813,86.6527660836922,71.0201686976495,52.5389246640844,64.6305937635697,36.110853795788,55.2791652643978,42.5676423574351,52.6555799717517,51.703482012945,59.601566713237,33.3511832848801,27.6386647925683,71.3211219610481,62.3134055102599,59.406956573916,54.3770071877424,194.214516882839,108.57347073085,106.409738073449,95.1028839504642,83.5522592087392,65.0395392028753,72.960653939412,68.3741100534166,57.5655816177106,67.5824322898616,57.4099291363086,40.9358397188771,62.0504940367778,66.0620269657801,27.9671707854985,36.1617097481372,49.8950921697443,42.194410182546,34.3777425324891,35.9808489350524,45.3810044959681,52.3500348760925,35.4475503643843,19.0188173423523,44.3880635739482,22.3599302280366,47.0381014898448,26.3011456391586,43.2345851019304,23.77146951353
163,70,92,91,35,61,67,71,46,79,40,29,85,32,24,36,66,46,60,49,39,46,55,39,51,33,35,26,29,28,69,76,66,44,51,33,41,63,50,21,34,29,9,23,27,21,35,33,30,27,27,15,21,23,42,29,13,27,20,6,64,40,34,36,48,26,33,23,37,42,46,40,33,25,26,20,38,30,38,29,27,21,30,19,19,19,17,20,23,11,172,90,116,54,106,61,70,60,19,56,24,27,44,45,44,38,21,17,34,38,38,34,34,21,17,24,34,37,25,36,82,32,43,47,40,38,36,49,24,17,40,12,23,27,22,21,25,19,14,16,19,8,22,30,24,18,15,8,18,15
262.918329147197,171.918696905806,141.074671445029,138.2503513239,44.9133395228119,92.3327785758283,111.015555464163,108.366794064521,79.1898981290016,98.9683393842515,85.9830000876062,73.2937363661418,74.2113277835202,65.7967792640872,62.7580444188179,73.5464356435895,70.6554373757964,61.9980668466923,71.1990213625006,79.0146143255772,69.6939405757843,99.6603478154025,67.458002330776,69.1390358618657,86.0365315418534,53.4149916162106,67.8276818692715,31.2438054441834,87.1666999921013,59.3864538242176,83.1454418039801,91.9628547710448,120.819775308728,108.537291457945,68.8365167711149,51.6888891101464,57.8003241843939,50.7223751844581,59.9944628035325,31.5891542061969,54.9635690848997,41.1493195457027,38.8771022039659,41.5964787733865,40.5064272729256,42.7805363622446,41.2893212791214,51.7835737729771,33.2307174935781,22.1179516115334,41.99142040336,75.1591266521565,26.2065193528268,37.9932060201729,32.201727774376,34.9834025044757,35.3486336723148,28.4270678265182,24.8522829142754,21.2096302137889,91.7985006479533,105.287203844856,56.9548719420458,64.1366962710602,69.5894017617569,40.2774380280561,69.5825499256813,66.5526164313401,51.2401123903952,56.2890668727233,53.1661716986742,49.2853352517819,46.3708515389758,41.2740098593203,31.473558762491,30.6787644703909,49.9164204109054,65.8774164857808,51.3854591019887,42.769763448819,53.2981185916815,32.955101372042,29.2943758010091,43.723407457478,34.8666940924621,34.4145068535505,19.8636167069838,42.4910803554147,23.0573455744052,18.9399714780836,241.200488156941,205.462952708374,208.166797890248,102.260707820277,153.490674047595,107.457174721577,126.376484901866,84.8349692309233,50.0672024060767,82.8668921108046,66.2288868103209,79.3904471420807,57.7143188282413,71.0030618737644,73.7656005933298,45.5776680526634,77.3694105714903,37.7604359817698,41.1938850078166,46.2733207749841,67.1018999751005,45.1120681506841,47.8213445371192,44.003598816264,53.5378345306927,60.5045361706008,62.3963211983126,61.3634745854345,61.3001429624024,38.6414832212848,164.621473069354,123.324335438887,90.3500698101424,74.9142443160617,78.4048245579036,97.6646666284383,80.9531118309336,61.6255160094529,52.1992296330651,46.222455818566,60.4934588918364,37.0635182238052,51.0704284936018,42.1422722182739,35.0592124539797,52.2607317493488,69.294696796862,28.4666767967079,47.9424296728698,42.5150073549905,35.4174760696387,32.7064161272422,34.9558648542632,46.5195483543294,31.4177186593602,16.3049374620835,34.043815581319,49.6507431780204,29.5924529945973,31.7431529321597
27,12,13,15,1,6,6,8,8,2,4,6,6,7,2,7,2,7,3,6,1,6,0,7,5,5,1,3,6,4,7,8,8,5,4,10,6,2,4,2,5,1,2,10,3,5,5,2,2,2,1,8,0,2,3,3,2,7,0,1,9,6,15,3,5,5,2,2,1,0,3,1,2,2,1,3,3,1,4,3,4,0,0,2,5,1,1,2,1,3,15,7,13,13,4,7,5,10,2,6,1,1,5,9,2,6,2,2,2,0,4,0,3,4,1,4,2,4,6,2,15,2,10,2,4,8,5,2,2,0,5,0,2,1,1,4,7,5,3,6,3,4,1,4,1,1,5,2,3,2
136,59,84,73,25,68,63,47,49,44,39,47,52,43,33,46,68,58,22,41,43,59,40,12,30,145,26,19,32,34,28,76,72,65,34,48,33,37,20,11,13,28,10,22,42,33,32,54,164,32,20,13,25,21,25,48,22,14,19,11,53,53,43,25,41,30,33,25,29,29,20,23,32,49,17,23,14,40,12,19,21,19,27,28,19,42,14,27,12,13,135,132,114,54,43,46,58,56,20,29,32,27,21,69,67,29,32,19,19,31,24,41,25,16,22,19,36,51,40,16,116,79,58,51,30,58,40,38,36,24,32,21,19,27,35,23,50,16,17,19,22,11,15,18,26,18,17,17,27,17
156,64,51,87,8,46,52,43,36,23,39,33,48,33,19,28,30,30,28,42,41,41,33,15,37,38,21,18,32,34,28,57,54,47,43,25,27,25,24,11,32,19,12,18,28,29,28,15,17,16,16,13,18,15,14,35,11,19,16,7,48,52,35,21,41,25,36,47,23,32,22,33,25,23,6,14,27,28,18,25,16,19,12,24,14,26,9,15,15,14,139,91,103,67,50,62,44,63,14,29,36,44,36,43,39,52,26,8,18,31,43,21,27,25,21,29,27,27,18,28,84,55,36,32,46,38,24,32,33,16,20,24,24,31,14,17,23,14,15,11,18,19,10,18,26,11,17,15,21,10
192.980592847333,86.8498351356792,103.580117716381,106.308235853091,11.3366800893651,70.3112546652936,68.3883754457495,51.2735324713021,51.6332348151735,75.1535646133475,47.2033314595743,53.9936949065269,61.5022094358791,48.0563962578306,31.5803372525765,49.0760183144714,70.7252739102556,69.8473537992171,40.9029462723512,61.4903560666317,46.0475077927513,67.8015616211432,44.5344332405069,17.9378770929714,34.5670587130668,54.0998764900469,39.7624252612681,21.3980981001317,32.2026330879364,31.5928107603703,34.9219356875963,85.2246421272371,80.971803607585,66.7379060293536,60.2038575861038,48.8226944896486,39.3869001352681,31.1189452927034,39.6096489569177,10.171912735949,24.3510026952496,28.4512491591726,15.6683154126011,30.277503182764,42.8882489587966,35.8156265537058,40.2244829231594,57.2155854449079,42.7980653381701,35.5020571277042,30.8977350123046,23.4705747759432,30.7783805826652,26.5441385754354,19.9893813664037,29.1942627260969,28.6299346649724,21.4340158613935,16.180353600671,4.21779044940531,75.039815518829,61.3988091284276,58.2091681876184,21.516268621509,40.3473917715377,30.9462886955755,39.2458683817682,27.1829827903029,36.8038841510404,38.399201045875,32.2026286700673,32.5838464056574,33.6096101448487,30.0667443388437,29.8221129410263,21.4698669763857,29.5813853654835,39.5868057907169,32.4743139301124,29.7931145616249,26.1558174193562,22.9056211155853,41.7072458467241,31.5500139673719,28.2485394913926,27.4857164383059,18.7391633664986,14.4875941781903,20.8453305633133,17.2972345129385,160.684037167118,273.974756161236,170.48743344586,86.3358375604954,71.2935914882955,61.7977447912821,76.5131953965542,75.9911204858138,16.8777190355987,57.2593054553174,47.4322532267077,57.1559476495261,51.2072883469322,70.3382219902898,49.1431644426508,44.9612298260126,33.985633915583,11.9510873362805,21.6412594666788,36.4020791656034,21.6902881985584,34.3116366855911,22.2154956056764,10.4402948218792,17.8079581516684,28.8770208733258,34.6809387357935,46.4990193887025,28.0919755758641,26.6123721579029,110.111790978425,70.9542502143856,61.5687897680449,54.2966374162543,30.9397449578717,50.6100064501936,45.0873639619306,49.924565960316,35.9395028561352,24.4757818357653,44.2499896719953,27.7668073853441,34.0162570952147,19.1098651801594,30.7116199323658,25.1243333768805,35.050318168999,22.2222101947212,20.7918547690943,22.1195178171703,31.2144501232292,18.9533482251191,14.7161368497524,18.2889190445662,20.8057291143082,29.9607098668756,25.8186520331704,19.6506435236345,22.0812616609985,18.1764629892694
203,83,82,127,23,40,63,65,39,64,63,40,55,40,35,44,38,44,49,50,31,48,65,36,59,50,33,36,40,36,39,77,70,55,31,38,35,30,40,13,27,30,13,31,29,25,33,38,27,30,19,47,29,22,23,29,21,25,14,8,39,62,48,25,34,29,37,40,30,36,33,39,37,26,27,18,32,34,29,47,23,20,28,19,16,24,12,21,14,11,122,97,119,56,66,51,68,66,21,48,59,33,32,75,45,46,32,21,25,19,27,20,31,16,31,30,31,43,36,12,116,52,47,37,23,50,27,39,30,17,27,27,27,18,11,31,43,19,13,20,23,14,18,26,23,6,10,23,17,14
65,12,33,15,5,9,18,15,10,7,16,21,12,21,6,15,24,24,6,15,17,14,14,0,11,11,11,3,12,20,12,32,24,19,17,20,9,5,19,0,9,7,5,11,18,6,16,13,21,8,8,5,11,10,16,13,5,5,7,1,22,12,18,8,7,16,9,5,7,8,17,4,9,6,5,11,4,5,8,3,15,5,2,3,6,13,4,5,4,0,45,50,30,14,15,8,20,21,7,5,22,19,17,12,22,14,9,4,10,11,0,25,9,5,9,8,3,23,9,10,28,15,14,26,12,20,7,24,9,8,6,3,10,6,8,10,6,8,6,11,6,7,4,4,4,14,7,10,24,6
166,76,73,78,23,69,66,51,48,56,45,40,68,30,46,51,70,59,28,55,57,78,38,18,49,65,40,27,57,51,31,118,71,59,39,60,36,41,41,5,25,29,9,27,49,21,40,39,33,34,18,8,18,32,24,33,19,20,14,6,37,51,52,16,59,30,41,25,39,36,25,30,34,55,26,28,27,28,13,22,11,26,16,29,82,31,15,32,20,18,175,173,139,63,76,82,56,69,18,59,43,52,40,83,107,33,48,21,25,30,23,47,31,25,19,32,37,48,66,22,108,127,64,44,33,55,38,47,37,34,44,16,42,29,11,30,53,38,20,23,18,23,16,34,29,30,19,18,20,13
155,108,83,91,37,63,57,45,30,105,41,43,70,38,71,41,39,35,34,40,47,55,46,39,55,36,31,29,37,23,49,69,90,49,32,35,34,31,43,46,30,34,26,27,38,24,27,30,26,26,30,12,23,23,22,20,24,15,28,15,68,31,30,27,26,27,14,35,21,22,28,35,30,17,42,8,19,33,22,18,16,22,13,16,11,21,19,17,19,23,186,95,143,57,89,75,63,76,65,40,40,39,38,41,47,33,25,33,36,39,22,16,38,15,33,29,39,36,30,31,115,46,54,48,59,48,53,48,50,32,38,12,34,39,25,26,17,23,21,30,13,23,24,15,15,15,15,16,15,19
22,17,11,4,4,6,1,1,13,6,3,9,0,3,3,6,4,4,10,8,2,7,3,9,2,3,8,6,5,2,3,9,7,3,2,5,1,5,9,3,5,8,1,3,1,1,3,4,2,4,2,2,1,3,3,6,1,1,4,0,6,5,4,2,7,5,8,5,7,4,4,7,3,3,0,2,6,2,1,6,3,9,2,1,3,3,0,2,4,1,13,18,18,10,10,4,5,13,6,10,4,7,4,5,5,4,4,1,2,1,6,7,3,3,5,2,1,3,2,7,14,11,10,1,3,3,4,4,3,4,1,5,7,4,0,4,4,3,3,2,3,1,2,12,2,1,2,0,6,1
123,103,55,35,11,51,34,18,32,17,17,16,15,32,16,29,24,15,26,26,30,49,21,4,19,32,15,25,17,25,16,44,49,29,36,24,14,19,28,6,14,29,7,16,19,26,12,16,20,13,15,8,14,14,15,9,10,7,28,6,18,26,20,6,20,19,23,13,16,21,15,16,12,13,10,12,15,15,8,4,11,9,9,13,16,10,7,10,5,5,86,120,94,36,63,63,35,55,12,26,31,35,19,26,42,27,37,20,17,17,10,29,26,9,32,17,21,46,13,13,92,70,43,20,32,29,29,35,24,16,15,15,14,19,9,18,27,14,16,16,6,10,5,22,8,24,12,13,16,12
350.848472861732,165.050744003744,120.969497602772,131.908483822516,33.7238012669699,62.2871034769493,114.616689679435,89.8217527110207,67.9606363132063,84.7246649687764,61.140343450095,92.6719173851459,89.8543157841727,59.7924062907008,60.9301122157181,71.7761269083232,78.5229666351196,65.2161112574878,57.2146219727127,73.5963462363878,93.0689294317798,109.543897765847,63.6740961952965,51.1578865378905,78.3325053265348,65.9382955716784,68.0524699088255,44.294099102529,62.170130817836,59.1275026647843,71.3236636526726,103.211112726676,142.383905589298,94.0112867345683,62.7694234062355,85.3694711165645,62.3406891405019,69.4588393922356,60.4298594143239,23.1656845059607,47.722263210811,50.6960419685257,25.5358621222411,51.4718533958181,56.3730320265676,45.827370078355,40.477646193978,66.1345703655261,50.755558715511,46.6378704275444,42.3049173673192,32.160194491868,35.4782765937052,27.5825420965696,44.8987833117326,43.6535514373459,29.1643845199004,29.1209608662213,43.0624512692733,18.9686740131506,69.7083182009314,89.8210371581113,56.3728137102261,50.0859566025524,65.2207462676983,45.9867085409094,67.6093114515813,57.1429009099471,65.9389152442908,59.7252641523598,67.1116359192281,48.731144815003,46.911569728595,47.7673087387623,41.9690017726034,34.1854755299531,36.458814420769,58.2043046722698,38.9674652680808,41.5897104872756,38.7704494855066,44.5082495291791,24.4372808242809,42.6801813163249,34.8181258573054,46.4239811144531,21.732363616786,42.8755399843452,34.4452751724502,24.6815186926515,248.250945322454,344.329992728145,217.419841544685,129.807472539913,130.915712971383,109.983671916324,93.7703201449171,112.224462190735,63.7122536443653,78.1473974887702,76.3173961408128,73.2005281168172,67.2227808019402,100.753703326262,101.158262749193,62.2466238922488,82.144346689655,31.5873066870728,50.2477316756811,46.8748150343962,51.9098835481672,44.8486609952804,67.7198423680503,25.4211896688018,47.812310910528,56.0211339220105,55.6925748085501,94.1001527385201,88.8434596016907,41.3034532365703,189.590929993046,123.74388913831,107.24441867244,88.424738816641,81.4106449665141,81.3373095998177,67.9309866364953,90.1235940116122,54.7350998590578,45.2229352602049,55.2317666417056,41.9301214198151,35.9914277488095,34.9237233137435,28.2414343001546,43.8567028240795,62.4275203437496,32.1015892345418,30.5507646984272,31.5850788744918,28.0955110417676,34.378210616878,31.9430725634259,44.3568631508258,35.0208238870691,27.2153608418646,43.4354699453152,38.8932154482709,26.4284045770111,29.9215166790049
149,95,96,75,36,94,71,52,37,124,58,62,74,56,66,59,40,48,33,59,40,31,46,57,34,23,50,34,47,30,78,91,88,85,50,27,40,51,52,39,30,26,46,28,48,27,38,33,42,39,25,11,43,33,34,34,21,20,30,9,50,43,41,40,24,39,26,38,37,27,34,36,34,31,40,15,27,25,21,24,25,25,17,19,22,27,12,35,23,23,156,109,138,41,69,62,62,78,67,58,52,38,63,38,48,62,20,31,27,37,16,43,25,17,25,20,42,39,29,26,114,56,82,61,73,76,43,70,51,32,54,20,37,46,20,26,36,33,26,20,20,39,24,15,27,11,42,22,20,31
172,74,77,73,28,44,56,71,36,70,51,29,72,30,35,36,41,39,44,47,26,49,35,25,45,22,41,20,27,22,53,65,75,49,28,27,29,28,40,22,32,26,17,14,30,21,33,45,35,26,24,13,23,18,15,25,10,28,13,4,66,30,34,23,43,21,31,16,18,37,37,37,23,23,26,23,34,25,20,26,26,21,16,22,7,16,15,24,17,14,106,79,112,60,81,46,52,61,17,47,47,43,30,42,32,34,31,15,31,37,51,27,29,8,16,37,25,29,16,23,77,41,37,37,26,41,35,35,27,16,42,18,37,11,18,16,26,15,13,17,25,10,18,14,31,20,21,20,23,18
285,160,145,160,35,114,104,102,54,95,78,65,93,66,76,60,67,88,103,89,55,104,86,59,91,63,62,33,77,37,66,126,136,102,66,41,47,53,62,21,70,68,25,43,43,59,48,61,34,40,36,65,37,34,38,45,55,33,37,11,124,94,62,48,66,43,55,53,55,74,64,53,30,63,51,25,67,39,40,61,46,34,25,33,43,37,27,36,30,18,219,179,194,95,149,91,100,128,45,81,69,89,81,65,82,65,49,46,55,56,63,63,52,46,48,74,73,92,43,51,216,83,93,84,83,69,72,57,71,45,52,42,53,44,43,38,60,33,36,36,34,38,32,34,56,10,40,46,49,44
185,85,89,86,26,93,83,87,55,44,60,51,80,46,37,41,67,45,33,59,71,84,59,24,32,32,31,21,50,50,41,71,97,65,51,45,44,47,41,12,45,35,19,15,30,26,17,41,40,32,36,10,32,42,29,27,33,22,24,10,65,66,54,33,43,24,48,30,35,36,31,25,42,28,22,39,25,44,30,29,32,21,25,19,18,36,17,39,26,17,145,295,163,91,75,60,61,69,16,51,37,40,54,95,56,43,71,20,26,29,47,35,30,27,28,24,59,51,38,21,107,99,69,72,40,54,46,59,47,35,44,18,24,34,34,23,51,18,14,17,22,20,22,25,28,28,41,24,18,28
190,79,84,67,14,79,59,48,61,61,47,37,60,42,37,41,74,57,37,48,46,55,43,17,23,79,46,15,53,22,37,69,94,82,31,47,33,47,43,8,25,20,13,28,25,32,31,51,41,29,24,12,20,22,25,25,20,16,14,13,44,44,40,26,39,41,35,22,34,33,24,30,44,59,15,26,25,43,10,21,26,17,18,27,23,32,22,29,12,10,161,148,113,70,87,76,71,58,19,38,37,42,40,72,68,35,53,25,16,39,16,47,25,15,20,18,45,57,46,34,119,85,57,44,36,68,52,49,39,29,44,33,31,29,58,30,68,31,22,17,14,16,18,17,26,31,21,18,21,21
28,10,17,13,3,10,13,11,4,6,9,10,3,3,6,5,6,14,1,10,13,10,5,6,3,4,7,3,4,9,7,18,10,7,12,6,6,7,9,1,3,8,1,3,3,4,7,6,6,2,6,3,3,6,1,6,2,4,2,1,7,4,17,5,3,7,6,6,4,2,2,6,5,4,12,9,2,0,5,4,1,2,1,1,4,2,3,7,3,2,24,33,15,4,12,1,13,11,1,7,10,11,14,7,8,16,1,8,3,8,9,6,5,2,6,8,5,11,6,5,21,8,8,10,4,8,4,8,3,5,9,7,6,1,6,2,8,11,1,11,4,1,7,0,3,5,2,2,6,1
104,51,56,23,13,17,24,31,19,39,24,33,24,17,39,25,28,42,21,21,23,25,31,23,25,14,14,15,23,28,27,36,37,42,19,32,23,22,37,19,26,18,25,23,24,16,25,21,22,15,22,6,15,19,18,12,8,22,15,5,50,27,30,20,17,10,14,18,15,6,21,27,17,13,15,8,20,9,30,14,11,19,18,8,11,17,9,14,5,19,103,32,50,21,45,25,16,37,32,15,25,23,28,20,10,19,13,9,7,23,5,15,18,3,13,7,10,9,15,27,63,28,25,24,31,35,22,44,18,11,23,13,22,21,10,11,7,8,20,19,19,20,21,9,8,6,12,11,31,10
